101
0: 1, 96,
1: 0, 2, 37, 68,
2: 1, 3, 55, 88,
3: 2, 4, 94,
4: 3, 5, 53,
5: 4, 6, 44, 59,
6: 5, 7, 99,
7: 6, 8, 56, 85,
8: 7, 9, 77,
9: 8, 10, 19, 46,
10: 9, 11, 89, 90,
11: 10, 12, 23,
12: 11, 13, 64,
13: 12, 14, 19, 21,
14: 13, 15, 47, 17,
15: 14, 16, 66, 61,
16: 15, 17, 87,
17: 16, 18, 14,
18: 17, 19, 52,
19: 18, 20, 9, 13,
20: 19, 21, 28, 78,
21: 20, 22, 13, 38,
22: 21, 23, 27,
23: 22, 24, 11,
24: 23, 25, 89, 64,
25: 24, 26, 86,
26: 25, 27, 60,
27: 26, 28, 22, 65,
28: 27, 29, 20,
29: 28, 30, 82,
30: 29, 31, 72,
31: 30, 32, 33,
32: 31, 33, 80,
33: 32, 34, 31, 79,
34: 33, 35, 51,
35: 34, 36, 70,
36: 35, 37, 66,
37: 36, 38, 1, 98,
38: 37, 39, 21,
39: 38, 40, 42,
40: 39, 41, 100,
41: 40, 42, 84, 92,
42: 41, 43, 39,
43: 42, 44, 97,
44: 43, 45, 5,
45: 44, 46, 49,
46: 45, 47, 9,
47: 46, 48, 14,
48: 47, 49, 97,
49: 48, 50, 45, 63,
50: 49, 51, 55,
51: 50, 52, 34,
52: 51, 53, 18,
53: 52, 54, 4,
54: 53, 55, 80,
55: 54, 56, 2, 50,
56: 55, 57, 7,
57: 56, 58, 76, 62,
58: 57, 59, 69,
59: 58, 60, 5,
60: 59, 61, 26,
61: 60, 62, 15,
62: 61, 63, 57, 81,
63: 62, 64, 49,
64: 63, 65, 12, 24,
65: 64, 66, 27,
66: 65, 67, 15, 36,
67: 66, 68, 93,
68: 67, 69, 1,
69: 68, 70, 58, 83,
70: 69, 71, 35, 74,
71: 70, 72, 90, 96,
72: 71, 73, 30,
73: 72, 74, 76, 87,
74: 73, 75, 70,
75: 74, 76, 95, 92,
76: 75, 77, 57, 73,
77: 76, 78, 8,
78: 77, 79, 20,
79: 78, 80, 33,
80: 79, 81, 32, 54,
81: 80, 82, 62,
82: 81, 83, 29,
83: 82, 84, 69,
84: 83, 85, 41,
85: 84, 86, 7,
86: 85, 87, 25,
87: 86, 88, 16, 73,
88: 87, 89, 2,
89: 88, 90, 10, 24,
90: 89, 91, 10, 71,
91: 90, 92, 95,
92: 91, 93, 41, 75,
93: 92, 94, 67,
94: 93, 95, 3,
95: 94, 96, 75, 91,
96: 95, 97, 0, 71,
97: 96, 98, 43, 48,
98: 97, 99, 37,
99: 98, 100, 6,
100: 99, 40,
