103
0: 1, 12, 49,
1: 0, 2, 72,
2: 1, 3, 15,
3: 2, 4, 89,
4: 3, 5, 80,
5: 4, 6, 96, 99,
6: 5, 7, 41,
7: 6, 8, 32, 89,
8: 7, 9, 58,
9: 8, 10, 27,
10: 9, 11, 42,
11: 10, 12, 22,
12: 11, 13, 0,
13: 12, 14, 52, 39,
14: 13, 15, 84,
15: 14, 16, 2,
16: 15, 17, 70,
17: 16, 18, 69,
18: 17, 19, 67,
19: 18, 20, 50,
20: 19, 21, 92,
21: 20, 22, 40,
22: 21, 23, 11,
23: 22, 24, 62,
24: 23, 25, 74,
25: 24, 26, 46, 33,
26: 25, 27, 57, 36,
27: 26, 28, 9,
28: 27, 29, 98,
29: 28, 30, 48,
30: 29, 31, 58,
31: 30, 32, 81,
32: 31, 33, 7,
33: 32, 34, 25,
34: 33, 35, 79,
35: 34, 36, 63, 83,
36: 35, 37, 26,
37: 36, 38, 82,
38: 37, 39, 86,
39: 38, 40, 13, 47,
40: 39, 41, 21,
41: 40, 42, 6,
42: 41, 43, 10,
43: 42, 44, 93,
44: 43, 45, 75, 59,
45: 44, 46, 85, 61,
46: 45, 47, 25, 96,
47: 46, 48, 39, 67,
48: 47, 49, 29,
49: 48, 50, 0,
50: 49, 51, 19,
51: 50, 52, 101,
52: 51, 53, 13,
53: 52, 54, 61,
54: 53, 55, 77,
55: 54, 56, 65,
56: 55, 57, 100,
57: 56, 58, 26,
58: 57, 59, 8, 30,
59: 58, 60, 44, 78,
60: 59, 61, 71,
61: 60, 62, 45, 53,
62: 61, 63, 23,
63: 62, 64, 35,
64: 63, 65, 90,
65: 64, 66, 55,
66: 65, 67, 73,
67: 66, 68, 18, 47,
68: 67, 69, 91,
69: 68, 70, 17,
70: 69, 71, 16,
71: 70, 72, 60,
72: 71, 73, 1,
73: 72, 74, 66, 88,
74: 73, 75, 24,
75: 74, 76, 44,
76: 75, 77, 87,
77: 76, 78, 54, 90,
78: 77, 79, 59, 97,
79: 78, 80, 34,
80: 79, 81, 4,
81: 80, 82, 31,
82: 81, 83, 37,
83: 82, 84, 35,
84: 83, 85, 14,
85: 84, 86, 45,
86: 85, 87, 38,
87: 86, 88, 76, 92,
88: 87, 89, 73,
89: 88, 90, 3, 7,
90: 89, 91, 64, 77,
91: 90, 92, 68,
92: 91, 93, 20, 87,
93: 92, 94, 43, 98,
94: 93, 95, 97,
95: 94, 96, 102,
96: 95, 97, 5, 46,
97: 96, 98, 78, 94,
98: 97, 99, 28, 93,
99: 98, 100, 5,
100: 99, 101, 56,
101: 100, 51,
102: 95,
