102
0: 1, 29,
1: 0, 2, 28, 81,
2: 1, 3, 10,
3: 2, 4, 78, 55,
4: 3, 5, 73,
5: 4, 6, 49, 31,
6: 5, 7, 64,
7: 6, 8, 37,
8: 7, 9, 69, 75,
9: 8, 10, 57,
10: 9, 11, 2,
11: 10, 12, 65, 83,
12: 11, 13, 52, 27,
13: 12, 14, 28, 86,
14: 13, 15, 74,
15: 14, 16, 49,
16: 15, 17, 23, 45,
17: 16, 18, 40,
18: 17, 19, 54, 33,
19: 18, 20, 44, 100,
20: 19, 21, 99,
21: 20, 22, 62,
22: 21, 23, 47,
23: 22, 24, 16,
24: 23, 25, 33, 67,
25: 24, 26, 85,
26: 25, 27, 92, 46,
27: 26, 28, 12,
28: 27, 29, 1, 13,
29: 28, 30, 0,
30: 29, 31, 84,
31: 30, 32, 5,
32: 31, 33, 86, 51,
33: 32, 34, 18, 24,
34: 33, 35, 79,
35: 34, 36, 89, 42,
36: 35, 37, 72,
37: 36, 38, 7,
38: 37, 39, 82,
39: 38, 40, 72,
40: 39, 41, 17,
41: 40, 42, 85,
42: 41, 43, 35, 67,
43: 42, 44, 95,
44: 43, 45, 19,
45: 44, 46, 16,
46: 45, 47, 26,
47: 46, 48, 22,
48: 47, 49, 50,
49: 48, 50, 5, 15,
50: 49, 51, 48, 76,
51: 50, 52, 32,
52: 51, 53, 12,
53: 52, 54, 80,
54: 53, 55, 18, 94,
55: 54, 56, 3,
56: 55, 57, 88,
57: 56, 58, 9, 63,
58: 57, 59, 98,
59: 58, 60, 74, 90,
60: 59, 61, 91,
61: 60, 62, 71,
62: 61, 63, 21,
63: 62, 64, 57,
64: 63, 65, 6,
65: 64, 66, 11,
66: 65, 67, 93,
67: 66, 68, 24, 42,
68: 67, 69, 77, 97,
69: 68, 70, 8,
70: 69, 71, 99,
71: 70, 72, 61,
72: 71, 73, 36, 39,
73: 72, 74, 4,
74: 73, 75, 14, 59,
75: 74, 76, 8,
76: 75, 77, 50,
77: 76, 78, 68,
78: 77, 79, 3,
79: 78, 80, 34,
80: 79, 81, 53,
81: 80, 82, 1,
82: 81, 83, 38,
83: 82, 84, 11,
84: 83, 85, 30,
85: 84, 86, 25, 41,
86: 85, 87, 13, 32,
87: 86, 88, 94,
88: 87, 89, 56, 96,
89: 88, 90, 35,
90: 89, 91, 59,
91: 90, 92, 60,
92: 91, 93, 26,
93: 92, 94, 66,
94: 93, 95, 54, 87,
95: 94, 96, 43,
96: 95, 97, 88, 101,
97: 96, 98, 68,
98: 97, 99, 58,
99: 98, 100, 20, 70,
100: 99, 19,
101: 96,
