101
0: 1, 54,
1: 0, 2, 83, 14,
2: 1, 3, 71, 77,
3: 2, 4, 36,
4: 3, 5, 53,
5: 4, 6, 37,
6: 5, 7, 26,
7: 6, 8, 87,
8: 7, 9, 76,
9: 8, 10, 91,
10: 9, 11, 13,
11: 10, 12, 29,
12: 11, 13, 77,
13: 12, 14, 10, 32,
14: 13, 15, 1, 67,
15: 14, 16, 94,
16: 15, 17, 79, 99,
17: 16, 18, 56,
18: 17, 19, 70,
19: 18, 20, 60,
20: 19, 21, 56, 60,
21: 20, 22, 72, 74,
22: 21, 23, 46,
23: 22, 24, 86,
24: 23, 25, 89,
25: 24, 26, 48, 44,
26: 25, 27, 6,
27: 26, 28, 59,
28: 27, 29, 57, 63,
29: 28, 30, 11,
30: 29, 31, 62,
31: 30, 32, 41,
32: 31, 33, 13, 75,
33: 32, 34, 40,
34: 33, 35, 66, 58,
35: 34, 36, 68,
36: 35, 37, 3,
37: 36, 38, 5, 78,
38: 37, 39, 49,
39: 38, 40, 85,
40: 39, 41, 33,
41: 40, 42, 31,
42: 41, 43, 84,
43: 42, 44, 53,
44: 43, 45, 25,
45: 44, 46, 50, 58,
46: 45, 47, 22,
47: 46, 48, 55,
48: 47, 49, 25, 85,
49: 48, 50, 38, 52,
50: 49, 51, 45,
51: 50, 52, 69, 67,
52: 51, 53, 49,
53: 52, 54, 4, 43,
54: 53, 55, 0, 82,
55: 54, 56, 47,
56: 55, 57, 17, 20,
57: 56, 58, 28, 96,
58: 57, 59, 34, 45,
59: 58, 60, 27,
60: 59, 61, 19, 20,
61: 60, 62, 90,
62: 61, 63, 30,
63: 62, 64, 28,
64: 63, 65, 97,
65: 64, 66, 84,
66: 65, 67, 34,
67: 66, 68, 14, 51,
68: 67, 69, 35,
69: 68, 70, 51,
70: 69, 71, 18,
71: 70, 72, 2,
72: 71, 73, 21,
73: 72, 74, 94,
74: 73, 75, 21,
75: 74, 76, 32,
76: 75, 77, 8,
77: 76, 78, 2, 12,
78: 77, 79, 37,
79: 78, 80, 16,
80: 79, 81, 98, 83,
81: 80, 82, 96, 95,
82: 81, 83, 54,
83: 82, 84, 1, 80,
84: 83, 85, 42, 65,
85: 84, 86, 39, 48,
86: 85, 87, 23,
87: 86, 88, 7,
88: 87, 89, 92,
89: 88, 90, 24,
90: 89, 91, 61, 93,
91: 90, 92, 9,
92: 91, 93, 88,
93: 92, 94, 90,
94: 93, 95, 15, 73,
95: 94, 96, 81, 100,
96: 95, 97, 57, 81,
97: 96, 98, 64,
98: 97, 99, 80,
99: 98, 16,
100: 95,
