101
0: 1, 29,
1: 0, 2, 19,
2: 1, 3, 88,
3: 2, 4, 81, 22,
4: 3, 5, 34, 12,
5: 4, 6, 20,
6: 5, 7, 68,
7: 6, 8, 24,
8: 7, 9, 95, 10,
9: 8, 10, 65, 52,
10: 9, 11, 8, 93,
11: 10, 12, 49, 68,
12: 11, 13, 4, 67,
13: 12, 14, 28,
14: 13, 15, 82,
15: 14, 16, 18, 58,
16: 15, 17, 100,
17: 16, 18, 91,
18: 17, 19, 15,
19: 18, 20, 1, 70,
20: 19, 21, 5,
21: 20, 22, 57,
22: 21, 23, 3, 38,
23: 22, 24, 38,
24: 23, 25, 7,
25: 24, 26, 43,
26: 25, 27, 69,
27: 26, 28, 36,
28: 27, 29, 13, 61,
29: 28, 30, 0,
30: 29, 31, 40,
31: 30, 32, 42, 84,
32: 31, 33, 83,
33: 32, 34, 50,
34: 33, 35, 4,
35: 34, 36, 51,
36: 35, 37, 27,
37: 36, 38, 70,
38: 37, 39, 22, 23,
39: 38, 40, 98, 55,
40: 39, 41, 30,
41: 40, 42, 76, 57,
42: 41, 43, 31,
43: 42, 44, 25,
44: 43, 45, 92,
45: 44, 46, 74,
46: 45, 47, 97,
47: 46, 48, 56,
48: 47, 49, 89,
49: 48, 50, 11,
50: 49, 51, 33,
51: 50, 52, 35,
52: 51, 53, 9, 96,
53: 52, 54, 63,
54: 53, 55, 87, 59,
55: 54, 56, 39,
56: 55, 57, 47,
57: 56, 58, 21, 41,
58: 57, 59, 15,
59: 58, 60, 54,
60: 59, 61, 63, 64,
61: 60, 62, 28,
62: 61, 63, 92, 77,
63: 62, 64, 53, 60,
64: 63, 65, 60, 79,
65: 64, 66, 9,
66: 65, 67, 90,
67: 66, 68, 12,
68: 67, 69, 6, 11,
69: 68, 70, 26,
70: 69, 71, 19, 37,
71: 70, 72, 94, 85,
72: 71, 73, 75,
73: 72, 74, 86,
74: 73, 75, 45,
75: 74, 76, 72, 99,
76: 75, 77, 41,
77: 76, 78, 62,
78: 77, 79, 99, 80,
79: 78, 80, 64, 94,
80: 79, 81, 78,
81: 80, 82, 3,
82: 81, 83, 14,
83: 82, 84, 32,
84: 83, 85, 31,
85: 84, 86, 71,
86: 85, 87, 73,
87: 86, 88, 54,
88: 87, 89, 2,
89: 88, 90, 48,
90: 89, 91, 66,
91: 90, 92, 17, 97,
92: 91, 93, 44, 62,
93: 92, 94, 10,
94: 93, 95, 71, 79,
95: 94, 96, 8,
96: 95, 97, 52,
97: 96, 98, 46, 91,
98: 97, 99, 39,
99: 98, 100, 75, 78,
100: 99, 16,
