59
0: 1, 23,
1: 0, 2, 3,
2: 1, 3, 17,
3: 2, 4, 1,
4: 3, 5, 7, 20,
5: 4, 6, 16, 19,
6: 5, 7, 47,
7: 6, 8, 4,
8: 7, 9, 31, 44, 43, 11,
9: 8, 10, 39, 24,
10: 9, 11, 37, 45, 46, 54,
11: 10, 12, 8, 50,
12: 11, 13, 27,
13: 12, 14, 36,
14: 13, 15, 56,
15: 14, 16, 18,
16: 15, 17, 5, 42,
17: 16, 18, 2,
18: 17, 19, 15, 54,
19: 18, 20, 5, 52,
20: 19, 21, 4, 46,
21: 20, 22, 31,
22: 21, 23, 41,
23: 22, 24, 0,
24: 23, 25, 9, 28, 30,
25: 24, 26, 47,
26: 25, 27, 53, 44,
27: 26, 28, 12, 40,
28: 27, 29, 24,
29: 28, 30, 51,
30: 29, 31, 24,
31: 30, 32, 8, 21,
32: 31, 33, 57, 38, 35,
33: 32, 34, 49,
34: 33, 35, 53,
35: 34, 36, 32,
36: 35, 37, 13,
37: 36, 38, 10,
38: 37, 39, 32, 40,
39: 38, 40, 9,
40: 39, 41, 27, 38,
41: 40, 42, 22,
42: 41, 43, 16, 48,
43: 42, 44, 8,
44: 43, 45, 8, 26,
45: 44, 46, 10,
46: 45, 47, 10, 20,
47: 46, 48, 6, 25,
48: 47, 49, 42,
49: 48, 50, 33,
50: 49, 51, 11,
51: 50, 52, 29, 54,
52: 51, 53, 19,
53: 52, 54, 26, 34,
54: 53, 55, 10, 18, 51,
55: 54, 56, 58,
56: 55, 57, 14,
57: 56, 32,
58: 55,
