56
0: 1, 55,
1: 0, 2, 27, 35,
2: 1, 3, 13, 18,
3: 2, 4, 55, 22,
4: 3, 5, 16,
5: 4, 6, 34,
6: 5, 7, 53, 15, 24,
7: 6, 8, 16,
8: 7, 9, 49, 37, 23,
9: 8, 10, 35,
10: 9, 11, 34,
11: 10, 12, 49,
12: 11, 13, 19, 16,
13: 12, 14, 2,
14: 13, 15, 30,
15: 14, 16, 6,
16: 15, 17, 4, 7, 12, 44,
17: 16, 18, 50, 42,
18: 17, 19, 2,
19: 18, 20, 12, 51, 40,
20: 19, 21, 27,
21: 20, 22, 47, 48,
22: 21, 23, 3,
23: 22, 24, 8,
24: 23, 25, 6, 39,
25: 24, 26, 42, 29,
26: 25, 27, 29,
27: 26, 28, 1, 20,
28: 27, 29, 47, 39, 33,
29: 28, 30, 25, 26,
30: 29, 31, 14, 48, 53,
31: 30, 32, 44, 53,
32: 31, 33, 42,
33: 32, 34, 28,
34: 33, 35, 5, 10,
35: 34, 36, 1, 9,
36: 35, 37, 45, 53, 38,
37: 36, 38, 8,
38: 37, 39, 36, 52, 50, 48,
39: 38, 40, 24, 28,
40: 39, 41, 19, 43,
41: 40, 42, 43,
42: 41, 43, 17, 25, 32,
43: 42, 44, 40, 41, 54,
44: 43, 45, 16, 31,
45: 44, 46, 36,
46: 45, 47, 54, 52,
47: 46, 48, 21, 28,
48: 47, 49, 21, 30, 38,
49: 48, 50, 8, 11,
50: 49, 51, 17, 38,
51: 50, 52, 19,
52: 51, 53, 38, 46,
53: 52, 54, 6, 30, 31, 36,
54: 53, 55, 43, 46,
55: 54, 0, 3,
