56
0: 1, 10,
1: 0, 2, 6, 34, 43,
2: 1, 3, 41, 29,
3: 2, 4, 11, 9,
4: 3, 5, 27,
5: 4, 6, 44, 45, 14, 42,
6: 5, 7, 1,
7: 6, 8, 37,
8: 7, 9, 37,
9: 8, 10, 3, 21,
10: 9, 11, 0, 48, 17,
11: 10, 12, 3, 20,
12: 11, 13, 16,
13: 12, 14, 45,
14: 13, 15, 5,
15: 14, 16, 37, 31,
16: 15, 17, 12,
17: 16, 18, 10,
18: 17, 19, 50,
19: 18, 20, 24, 32,
20: 19, 21, 11,
21: 20, 22, 9,
22: 21, 23, 47, 36,
23: 22, 24, 25,
24: 23, 25, 19,
25: 24, 26, 23, 30,
26: 25, 27, 49, 36, 51, 42,
27: 26, 28, 4, 39,
28: 27, 29, 42,
29: 28, 30, 2,
30: 29, 31, 25, 33, 36,
31: 30, 32, 15, 48,
32: 31, 33, 19,
33: 32, 34, 30,
34: 33, 35, 1,
35: 34, 36, 38, 50,
36: 35, 37, 22, 26, 30,
37: 36, 38, 7, 8, 15,
38: 37, 39, 35,
39: 38, 40, 27,
40: 39, 41, 52, 48,
41: 40, 42, 2,
42: 41, 43, 5, 26, 28,
43: 42, 44, 1,
44: 43, 45, 5,
45: 44, 46, 5, 13,
46: 45, 47, 53, 54, 55,
47: 46, 48, 22,
48: 47, 49, 10, 31, 40,
49: 48, 50, 26,
50: 49, 51, 18, 35,
51: 50, 26,
52: 40,
53: 46,
54: 46,
55: 46,
