58
0: 1, 26,
1: 0, 2, 45,
2: 1, 3, 49,
3: 2, 4, 22, 25, 7,
4: 3, 5, 50, 54,
5: 4, 6, 16,
6: 5, 7, 37, 20,
7: 6, 8, 3, 47,
8: 7, 9, 55, 35,
9: 8, 10, 32,
10: 9, 11, 27,
11: 10, 12, 52, 26,
12: 11, 13, 29, 19,
13: 12, 14, 48, 53,
14: 13, 15, 20,
15: 14, 16, 51, 42,
16: 15, 17, 5,
17: 16, 18, 35,
18: 17, 19, 41,
19: 18, 20, 12,
20: 19, 21, 6, 14,
21: 20, 22, 38, 43,
22: 21, 23, 3,
23: 22, 24, 47, 54,
24: 23, 25, 55,
25: 24, 26, 3, 48,
26: 25, 27, 0, 11,
27: 26, 28, 10, 34,
28: 27, 29, 30,
29: 28, 30, 12,
30: 29, 31, 28,
31: 30, 32, 33,
32: 31, 33, 9,
33: 32, 34, 31, 44,
34: 33, 35, 27,
35: 34, 36, 8, 17, 40,
36: 35, 37, 51,
37: 36, 38, 6,
38: 37, 39, 21,
39: 38, 40, 42,
40: 39, 41, 35,
41: 40, 42, 18,
42: 41, 43, 15, 39, 46, 56,
43: 42, 44, 21,
44: 43, 45, 33,
45: 44, 46, 1,
46: 45, 47, 42, 54,
47: 46, 48, 7, 23,
48: 47, 49, 13, 25,
49: 48, 50, 2,
50: 49, 51, 4,
51: 50, 52, 15, 36,
52: 51, 53, 11,
53: 52, 54, 13,
54: 53, 55, 4, 23, 46, 57,
55: 54, 8, 24,
56: 42,
57: 54,
