52
0: 1, 3,
1: 0, 2, 35, 4, 38,
2: 1, 3, 37, 15,
3: 2, 4, 0, 44,
4: 3, 5, 1,
5: 4, 6, 20,
6: 5, 7, 46,
7: 6, 8, 28,
8: 7, 9, 25,
9: 8, 10, 18, 13,
10: 9, 11, 42,
11: 10, 12, 17,
12: 11, 13, 30,
13: 12, 14, 9, 40,
14: 13, 15, 29, 36,
15: 14, 16, 2,
16: 15, 17, 22, 42, 47,
17: 16, 18, 11,
18: 17, 19, 9,
19: 18, 20, 45,
20: 19, 21, 5, 25, 24,
21: 20, 22, 45, 33,
22: 21, 23, 16,
23: 22, 24, 41,
24: 23, 25, 20,
25: 24, 26, 8, 20, 48,
26: 25, 27, 37,
27: 26, 28, 32,
28: 27, 29, 7, 35,
29: 28, 30, 14,
30: 29, 31, 12, 43,
31: 30, 32, 39, 49,
32: 31, 33, 27, 49, 34,
33: 32, 34, 21,
34: 33, 35, 32, 50, 48,
35: 34, 36, 1, 28,
36: 35, 37, 14,
37: 36, 38, 2, 26,
38: 37, 39, 1,
39: 38, 40, 31,
40: 39, 41, 13, 51,
41: 40, 42, 23,
42: 41, 43, 10, 16,
43: 42, 44, 30,
44: 43, 45, 3,
45: 44, 46, 19, 21,
46: 45, 47, 6,
47: 46, 48, 16,
48: 47, 49, 25, 34,
49: 48, 31, 32,
50: 34,
51: 40,
