60
0: 1, 3, 44,
1: 0, 2, 29,
2: 1, 3, 14,
3: 2, 4, 0, 26,
4: 3, 5, 23, 32, 48, 19, 59,
5: 4, 6, 48, 59,
6: 5, 7, 36,
7: 6, 8, 28,
8: 7, 9, 39, 46,
9: 8, 10, 50,
10: 9, 11, 49, 14, 54,
11: 10, 12, 27,
12: 11, 13, 51,
13: 12, 14, 27, 30,
14: 13, 15, 2, 10,
15: 14, 16, 47,
16: 15, 17, 53,
17: 16, 18, 25,
18: 17, 19, 20,
19: 18, 20, 4,
20: 19, 21, 18, 43,
21: 20, 22, 32, 43, 38,
22: 21, 23, 40, 56,
23: 22, 24, 4, 30,
24: 23, 25, 32, 45, 55,
25: 24, 26, 17,
26: 25, 27, 3,
27: 26, 28, 11, 13,
28: 27, 29, 7,
29: 28, 30, 1, 52,
30: 29, 31, 13, 23, 37,
31: 30, 32, 58, 44,
32: 31, 33, 4, 21, 24, 56,
33: 32, 34, 53,
34: 33, 35, 54, 42,
35: 34, 36, 55, 41, 59,
36: 35, 37, 6, 39,
37: 36, 38, 30,
38: 37, 39, 21,
39: 38, 40, 8, 36, 51,
40: 39, 41, 22,
41: 40, 42, 35, 46,
42: 41, 43, 34, 55,
43: 42, 44, 20, 21,
44: 43, 45, 0, 31,
45: 44, 46, 24,
46: 45, 47, 8, 41,
47: 46, 48, 15,
48: 47, 49, 4, 5,
49: 48, 50, 10,
50: 49, 51, 9,
51: 50, 52, 12, 39,
52: 51, 53, 29, 57,
53: 52, 54, 16, 33,
54: 53, 55, 10, 34,
55: 54, 56, 24, 35, 42,
56: 55, 57, 22, 32,
57: 56, 58, 52,
58: 57, 59, 31,
59: 58, 4, 5, 35,
