62
0: 1, 59, 37, 42, 18,
1: 0, 2, 29,
2: 1, 3, 13,
3: 2, 4, 10, 15, 17,
4: 3, 5, 37, 41, 36,
5: 4, 6, 19, 12, 33, 16, 44, 53,
6: 5, 7, 25,
7: 6, 8, 24, 39, 52,
8: 7, 9, 47, 40,
9: 8, 10, 26,
10: 9, 11, 3, 14,
11: 10, 12, 21,
12: 11, 13, 5, 54, 39, 47, 20,
13: 12, 14, 2,
14: 13, 15, 10, 55, 20, 23,
15: 14, 16, 3, 35,
16: 15, 17, 5,
17: 16, 18, 3,
18: 17, 19, 0,
19: 18, 20, 5, 26,
20: 19, 21, 12, 14,
21: 20, 22, 11,
22: 21, 23, 43,
23: 22, 24, 14, 54, 34, 56,
24: 23, 25, 7,
25: 24, 26, 6,
26: 25, 27, 9, 19,
27: 26, 28, 51,
28: 27, 29, 48, 38,
29: 28, 30, 1, 46, 50,
30: 29, 31, 45, 55,
31: 30, 32, 58,
32: 31, 33, 49,
33: 32, 34, 5,
34: 33, 35, 23,
35: 34, 36, 15,
36: 35, 37, 4,
37: 36, 38, 0, 4, 39,
38: 37, 39, 28,
39: 38, 40, 7, 12, 37,
40: 39, 41, 8,
41: 40, 42, 4,
42: 41, 43, 0,
43: 42, 44, 22, 57,
44: 43, 45, 5,
45: 44, 46, 30, 50, 60,
46: 45, 47, 29,
47: 46, 48, 8, 12,
48: 47, 49, 28,
49: 48, 50, 32,
50: 49, 51, 29, 45,
51: 50, 52, 27,
52: 51, 53, 7,
53: 52, 54, 5,
54: 53, 55, 12, 23,
55: 54, 56, 14, 30,
56: 55, 57, 23,
57: 56, 58, 43, 61,
58: 57, 59, 31,
59: 58, 0,
60: 45,
61: 57,
