60
0: 1, 2, 35, 34, 49,
1: 0, 2, 19,
2: 1, 3, 0, 16,
3: 2, 4, 30,
4: 3, 5, 35,
5: 4, 6, 44, 9,
6: 5, 7, 50, 37,
7: 6, 8, 17,
8: 7, 9, 42, 51,
9: 8, 10, 5, 40, 21, 27, 47,
10: 9, 11, 48, 39,
11: 10, 12, 26, 55, 29, 47,
12: 11, 13, 39, 24, 29,
13: 12, 14, 33,
14: 13, 15, 27,
15: 14, 16, 53, 47,
16: 15, 17, 2, 30,
17: 16, 18, 7, 45, 31,
18: 17, 19, 21,
19: 18, 20, 1, 38, 52, 29, 24, 32,
20: 19, 21, 31, 47, 25,
21: 20, 22, 9, 18,
22: 21, 23, 29,
23: 22, 24, 37, 34, 43,
24: 23, 25, 12, 19, 33,
25: 24, 26, 20, 36, 40,
26: 25, 27, 11,
27: 26, 28, 9, 14,
28: 27, 29, 31, 43,
29: 28, 30, 11, 12, 19, 22,
30: 29, 31, 3, 16,
31: 30, 32, 17, 20, 28,
32: 31, 33, 19,
33: 32, 34, 13, 24,
34: 33, 35, 0, 23, 36, 54, 46, 51,
35: 34, 36, 0, 4,
36: 35, 37, 25, 34,
37: 36, 38, 6, 23, 52, 51, 46, 41,
38: 37, 39, 19,
39: 38, 40, 10, 12,
40: 39, 41, 9, 25,
41: 40, 42, 37,
42: 41, 43, 8,
43: 42, 44, 23, 28, 56, 57, 58, 59,
44: 43, 45, 5,
45: 44, 46, 17,
46: 45, 47, 34, 37,
47: 46, 48, 9, 11, 15, 20,
48: 47, 49, 10,
49: 48, 50, 0,
50: 49, 51, 6,
51: 50, 52, 8, 34, 37,
52: 51, 53, 19, 37,
53: 52, 54, 15,
54: 53, 55, 34,
55: 54, 11,
56: 43,
57: 43,
58: 43,
59: 43,
