56
0: 1, 26, 40,
1: 0, 2, 23,
2: 1, 3, 50,
3: 2, 4, 16,
4: 3, 5, 34,
5: 4, 6, 52,
6: 5, 7, 20, 53,
7: 6, 8, 28, 47, 41, 38, 25, 11,
8: 7, 9, 44,
9: 8, 10, 53,
10: 9, 11, 24,
11: 10, 12, 7, 30, 34, 31, 45,
12: 11, 13, 45, 33, 22,
13: 12, 14, 28, 18,
14: 13, 15, 36, 35,
15: 14, 16, 25, 48, 42,
16: 15, 17, 3,
17: 16, 18, 43,
18: 17, 19, 13, 51, 34,
19: 18, 20, 50,
20: 19, 21, 6, 26,
21: 20, 22, 44,
22: 21, 23, 12, 31,
23: 22, 24, 1, 49,
24: 23, 25, 10,
25: 24, 26, 7, 15, 37, 30,
26: 25, 27, 0, 20,
27: 26, 28, 37,
28: 27, 29, 7, 13,
29: 28, 30, 32,
30: 29, 31, 11, 25,
31: 30, 32, 11, 22, 44, 52, 41,
32: 31, 33, 29, 39,
33: 32, 34, 12, 51,
34: 33, 35, 4, 11, 18, 46,
35: 34, 36, 14,
36: 35, 37, 14,
37: 36, 38, 25, 27,
38: 37, 39, 7,
39: 38, 40, 32,
40: 39, 41, 0,
41: 40, 42, 7, 31,
42: 41, 43, 15, 54,
43: 42, 44, 17,
44: 43, 45, 8, 21, 31,
45: 44, 46, 11, 12,
46: 45, 47, 34, 55,
47: 46, 48, 7,
48: 47, 49, 15,
49: 48, 50, 23,
50: 49, 51, 2, 19,
51: 50, 52, 18, 33,
52: 51, 53, 5, 31,
53: 52, 6, 9,
54: 42,
55: 46,
