54
0: 1, 3,
1: 0, 2, 35, 4, 38, 37,
2: 1, 3, 15, 44, 20,
3: 2, 4, 0, 46,
4: 3, 5, 1,
5: 4, 6, 28,
6: 5, 7, 25,
7: 6, 8, 18,
8: 7, 9, 13,
9: 8, 10, 42, 17,
10: 9, 11, 30,
11: 10, 12, 40,
12: 11, 13, 29,
13: 12, 14, 8, 36,
14: 13, 15, 22, 42,
15: 14, 16, 2,
16: 15, 17, 47, 45, 25,
17: 16, 18, 9,
18: 17, 19, 7,
19: 18, 20, 24,
20: 19, 21, 2, 45, 33,
21: 20, 22, 41, 48, 37,
22: 21, 23, 14,
23: 22, 24, 32,
24: 23, 25, 19,
25: 24, 26, 6, 16, 27, 35,
26: 25, 27, 43,
27: 26, 28, 25,
28: 27, 29, 5, 39, 49,
29: 28, 30, 12,
30: 29, 31, 10, 49,
31: 30, 32, 34, 50,
32: 31, 33, 23, 49, 48,
33: 32, 34, 20,
34: 33, 35, 31, 51, 48, 52,
35: 34, 36, 1, 25,
36: 35, 37, 13,
37: 36, 38, 1, 21,
38: 37, 39, 1,
39: 38, 40, 28,
40: 39, 41, 11, 53,
41: 40, 42, 21,
42: 41, 43, 9, 14,
43: 42, 44, 26,
44: 43, 45, 2,
45: 44, 46, 16, 20,
46: 45, 47, 3,
47: 46, 48, 16,
48: 47, 49, 21, 32, 34,
49: 48, 28, 30, 32,
50: 31,
51: 34,
52: 34,
53: 40,
