50
0: 1, 34, 48, 49, 5, 40,
1: 0, 2, 8, 18, 14,
2: 1, 3, 28, 20, 5, 23, 45, 12, 24, 15, 7, 22, 2, 4, 49, 26, 49,
3: 2, 4, 49, 26, 49,
4: 3, 5,
5: 4, 6, 2, 40, 13, 0, 14,
6: 5, 7, 32,
7: 6, 8, 2,
8: 7, 9, 1, 36, 22,
9: 8, 10, 33, 21,
10: 9, 11, 20, 46, 17, 23,
11: 10, 12,
12: 11, 13, 2, 30,
13: 12, 14, 5,
14: 13, 15, 5, 41, 1, 16,
15: 14, 16, 2, 25, 27,
16: 15, 17, 23, 14, 20, 44, 27, 28, 33,
17: 16, 18, 42, 36, 10, 37, 19,
18: 17, 19, 1,
19: 18, 20, 17, 22,
20: 19, 21, 2, 10, 16, 35, 27,
21: 20, 22, 41, 31, 9, 27,
22: 21, 23, 2, 39, 47, 19, 8, 38,
23: 22, 24, 2, 16, 28, 10, 33,
24: 23, 25, 2,
25: 24, 26, 15,
26: 25, 27, 3,
27: 26, 28, 20, 16, 21, 29, 15, 47,
28: 27, 29, 2, 23, 33, 16, 38,
29: 28, 30, 27,
30: 29, 31, 12,
31: 30, 32, 21, 39, 38,
32: 31, 33, 6,
33: 32, 34, 9, 28, 23, 38, 16, 40, 49,
34: 33, 35, 0,
35: 34, 36, 20,
36: 35, 37, 8, 17,
37: 36, 38, 17,
38: 37, 39, 33, 31, 28, 22,
39: 38, 40, 22, 31,
40: 39, 41, 5, 43, 33, 0,
41: 40, 42, 14, 21,
42: 41, 43, 17,
43: 42, 44, 40,
44: 43, 45, 16,
45: 44, 46, 2,
46: 45, 47, 10,
47: 46, 48, 22, 27,
48: 47, 49, 0,
49: 48, 0, 3, 33, 2,
