1.171664
5.677322
2.956409
1.687774
1.409127
1.045101
1.210803
1.077946
1.029335
1.886023
1.041947
1.463749
1.388217
2.398608
2.680020
1.001189
3.879329
1.318728
1.066107
1.008889
3.283519
3.071797
1.088309
1.004879
1.213649
4.195355
1.080843
1.319859
2.893858
1.220857
2.094835
1.687695
3.310519
1.470913
4.183604
1.780266
1.144225
2.438651
1.381923
1.140945
1.718740
1.340136
1.834949
1.332807
1.166428
2.192054
1.084025
1.256335
2.913481
2.910278
1.042043
2.175265
1.061390
2.542893
2.346175
1.267124
3.915511
2.450987
2.440082
1.396581
4.945096
1.688713
1.011672
1.556944
1.028005
1.342590
1.225763
3.276923
1.019196
1.011421
1.112310
1.081357
1.322811
1.085291
1.160511
1.166422
1.822520
2.777090
1.751307
1.168865
2.478818
2.233548
1.461211
3.234981
5.178160
4.117448
1.594404
1.019981
1.519008
1.248385
3.980827
2.001041
1.404536
1.116172
2.993585
6.117346
2.321926
1.474831
1.950469
1.396369
1.639047
2.983609
1.106761
2.204343
2.527413
1.333778
1.618442
1.357805
1.223151
3.537032
2.437409
4.223312
1.098551
1.247130
1.084423
2.502356
1.281271
3.536958
2.044748
5.348709
2.650628
1.014036
1.072007
8.557742
1.691521
2.147541
8.958913
1.798004
1.030946
1.688571
1.014136
1.811565
2.260379
2.363222
1.498374
1.098061
1.156496
3.296490
1.027117
2.516470
1.115316
3.845696
1.530238
1.109202
3.801724
1.456545
1.784181
1.181621
1.713594
1.904063
1.045004
1.001371
1.871776
1.405388
1.868663
1.498809
1.211773
2.397572
2.481677
1.392147
1.973704
1.744032
1.262548
2.063759
2.561748
4.158401
1.094840
1.773846
1.536242
3.222679
3.157230
1.057556
1.363374
1.402780
1.695779
1.378172
1.633514
2.524744
1.574173
1.263229
1.743454
1.683209
1.149750
3.246298
1.614991
1.310465
1.616273
1.395498
2.097905
1.087353
3.281930
2.229158
1.055225
1.539579
1.493092
3.551405
1.743857
1.130705
2.065288
1.232671
1.168315
1.047053
2.044360
1.214393
2.955186
1.451527
1.319721
1.021726
1.870061
1.060221
1.588755
1.007167
4.356900
1.381810
3.446021
2.227557
1.473647
6.265095
1.054145
3.439235
2.079072
1.301816
1.024148
1.167739
4.101583
1.474509
1.506785
1.211311
1.259581
1.438856
6.570479
1.299320
1.329071
1.830942
1.423180
1.339404
1.446162
1.053881
3.166094
1.044661
1.002505
1.005433
1.529178
1.850036
1.781583
1.246385
5.154659
2.910960
1.246325
1.025939
1.022695
1.575173
2.036397
1.382783
1.111486
1.980851
1.429890
1.189383
1.870159
1.848729
1.236611
2.486630
1.984336
2.904147
7.955376
1.318579
1.111612
1.135540
2.494821
1.450933
1.216704
2.441678
3.425746
1.786373
1.871631
1.854921
2.962403
4.373993
1.716105
1.844295
1.342490
1.016066
1.015523
1.433225
1.947407
1.349471
1.543222
1.837880
1.037202
1.307528
1.621726
6.431791
2.915520
1.526371
1.240647
1.280478
2.400395
1.009757
5.698800
1.052049
4.584423
2.096806
1.871024
1.290933
6.923094
1.036783
1.377485
1.570187
2.888763
4.843637
2.187214
1.328721
1.104908
1.161490
2.371842
1.535978
1.559661
1.349577
2.669767
1.147288
1.577814
2.166023
1.428954
1.221686
2.634913
8.169798
1.788954
1.321111
1.064620
6.294038
2.145265
1.168786
1.354195
1.356602
2.014540
4.894317
4.860931
1.378128
1.013615
1.599260
1.218409
4.084414
1.221764
1.009432
2.074440
4.814820
1.051527
5.296987
1.148157
1.642962
1.352773
1.005929
1.159226
1.092798
1.085171
1.990972
3.088221
2.756270
1.008995
1.678552
1.066883
1.170419
1.087391
1.963779
1.052278
1.135632
1.594751
3.144230
3.509526
1.019126
1.227489
2.911195
2.183784
2.186956
1.397644
4.753666
1.227303
4.719259
4.547883
1.305719
1.377639
1.268818
1.218542
1.012202
3.520826
2.252696
1.779581
6.562558
1.497265
1.847987
1.090159
4.301831
1.886144
2.167242
1.012612
1.181209
1.548085
1.199018
1.741771
1.868668
1.553688
5.185229
4.384875
1.878010
1.096329
1.464728
1.177796
2.119128
2.160933
1.137245
1.009619
1.460267
1.281354
1.022988
2.243208
9.345465
1.309102
1.468427
1.143913
5.939452
2.880542
2.639148
2.377968
3.041869
1.434323
1.220865
2.860488
1.376217
2.007773
1.178202
2.197941
1.758707
1.429954
4.349564
1.700814
1.225425
1.697203
1.241328
1.935827
7.823409
2.116116
2.103265
4.969886
1.326013
1.404493
2.034518
1.087045
1.296935
1.009040
2.212402
2.248804
1.220362
3.415006
2.035550
2.013724
1.201110
1.070751
1.497681
1.699842
1.688809
2.095073
1.624371
1.526754
2.355000
1.434104
5.144199
1.256051
1.917420
6.626540
1.364602
1.090545
9.108847
1.592784
3.528022
2.432719
2.212053
1.509276
1.509450
1.065463
2.202800
1.158598
2.854445
9.032113
1.475635
1.699784
1.118613
8.658609
1.912664
1.720898
3.140169
3.004745
1.830390
1.211566
1.404081
1.058045
1.482478
1.610282
1.174606
1.304545
2.052495
1.599262
1.239886
2.374676
8.981724
1.046802
3.176819
1.949667
1.506533
4.063798
1.200484
2.646980
2.147877
1.243413
1.150023
3.467425
2.738504
1.029566
1.172715
1.311341
1.087986
1.157482
2.027546
1.199161
5.164602
1.074282
1.930148
1.604582
4.565168
1.542775
2.054381
1.940585
2.000143
1.238446
2.852956
1.134686
1.741980
8.568841
4.134959
2.135473
1.135371
1.708114
1.356054
1.014963
1.353757
1.023750
1.432711
1.158036
2.072638
1.328054
1.805231
1.186598
1.534060
1.386505
1.074502
1.420261
2.998274
2.899899
1.232171
1.550484
1.113325
1.305877
1.572517
1.422985
1.223053
1.301310
1.183642
1.121301
2.126003
7.093257
1.096470
1.325966
2.775518
1.386631
1.670359
1.260868
1.177222
2.429827
1.661178
1.696861
4.179679
2.320150
2.883346
6.416515
1.015312
1.099999
1.028569
1.032474
1.326875
1.533154
1.250027
1.418576
1.694147
1.023053
1.263369
1.806844
2.809541
1.347681
1.426594
1.026682
1.133091
1.210200
1.350510
1.222199
3.648051
5.476335
1.668593
1.630619
1.865142
1.176973
1.460419
3.312802
1.435192
1.437373
1.390455
1.342531
1.635163
1.310999
1.760601
1.436052
1.555962
1.749814
1.860089
1.445681
1.068921
1.176292
1.916344
1.492444
2.056216
1.631985
1.059633
1.257320
1.266570
4.380917
1.047418
1.096692
5.773532
2.464100
2.853874
4.244904
1.348683
2.610486
3.932951
1.925385
1.542296
1.490619
1.149737
1.813128
4.681412
1.324387
1.502671
2.115328
1.646493
3.502538
1.089420
1.380128
1.304385
1.650547
1.088029
1.072925
1.031374
3.588363
1.647776
1.496550
2.959462
3.101996
1.058702
1.254387
1.073148
4.475298
1.867591
1.849348
2.368516
1.517365
1.177574
3.235912
1.184924
1.023419
1.261410
1.091499
8.083680
2.096969
1.252192
1.822096
1.314711
1.625340
7.554346
5.297326
1.292667
2.494394
1.271632
1.647274
2.191962
2.580959
1.057220
2.621801
1.572915
2.437284
1.688682
2.705948
2.227786
1.214416
1.157698
1.730901
1.383434
2.054825
1.679340
2.194536
1.145656
1.282629
3.474846
1.402903
5.010174
1.166457
1.171507
1.159087
1.825337
1.097084
1.034857
1.489659
6.671312
1.814346
1.060906
4.571754
1.301793
2.272634
1.001855
1.126084
2.278557
2.318773
1.461082
1.660550
6.248538
2.034250
5.026684
2.973107
1.240312
1.179191
2.557579
1.678524
3.819879
1.083870
9.594543
3.119355
1.695190
1.257974
4.110009
3.543413
2.751528
1.159145
2.001298
1.761629
4.711597
2.664684
2.717371
1.236539
2.047519
9.286449
1.644468
2.098364
9.037330
1.006603
1.549965
1.890761
1.186118
1.298186
9.325659
1.396435
1.249772
1.811264
5.672758
1.235741
1.452302
1.258723
3.605446
2.008403
1.065450
1.415864
1.019963
1.027030
1.891210
1.820467
3.515136
1.312869
1.242973
1.662008
1.882661
1.076593
2.618242
1.128373
3.947585
1.005401
1.988781
1.873415
1.261865
2.449993
1.005372
4.228239
1.873309
2.273047
1.359394
1.553100
3.197865
3.334039
3.733670
1.100861
2.179129
1.496963
2.402102
8.235929
1.626706
1.609635
1.071407
3.114175
2.137077
1.448583
1.061958
1.608814
1.771114
1.528428
3.279367
1.256615
5.346170
2.652836
1.028067
3.250526
1.276700
1.638271
5.512202
2.372617
2.865136
1.085638
1.695633
1.362919
5.806390
1.344552
2.046265
1.655101
3.592483
4.843278
1.621015
1.452046
2.049732
1.745836
7.594421
1.673488
3.095297
2.463507
1.152295
1.488507
3.742757
3.822008
1.040027
1.187550
1.890943
1.150877
1.622916
1.162592
1.500811
1.128308
1.976657
1.808541
3.412914
1.108786
1.602250
1.233031
2.534732
1.037624
1.357310
1.224466
1.617100
3.619904
3.097806
1.899264
1.010557
1.220382
1.141441
3.207549
1.778166
1.192953
1.936594
2.805861
1.086590
2.224113
1.289964
1.908711
1.139198
2.695593
1.185308
1.687237
1.905017
1.017378
2.582174
1.025460
1.286664
1.024100
1.013880
1.139149
3.758049
1.574219
2.111616
1.974464
1.154628
6.622799
1.600324
2.854671
1.421134
1.236934
2.188398
2.186174
1.618506
3.525827
1.274570
1.343049
8.627768
7.928271
1.358607
7.073429
1.221213
1.278334
1.800638
3.028926
1.447234
1.122951
4.192381
6.095346
1.605530
1.530124
1.092753
1.135137
1.099332
1.319955
1.052531
6.133157
1.130596
1.761207
1.217177
1.257329
1.442450
1.625506
1.216930
1.346347
4.961437
1.321913
1.538097
1.295748
3.461205
1.672882
1.525967
1.882607
2.850516
1.663993
1.090797
1.236874
2.655740
1.868877
1.901960
1.078156
1.698895
1.005146
1.076711
1.312090
1.009789
2.420354
1.851779
1.300306
2.063226
1.574678
1.631295
2.724673
3.131186
1.392268
1.023827
1.284881
1.228420
1.286273
1.826399
1.226343
4.606263
1.205559
1.015193
1.111157
1.063603
1.259141
1.005219
7.104170
1.202268
1.109362
1.077613
3.138644
1.687691
2.972944
1.004138
1.123555
2.026373
1.017549
1.035758
7.355021
2.313137
1.503748
2.865545
3.686080
1.385928
1.482951
1.094190
1.064437
3.909932
6.284886
1.259528
1.982962
1.345224
1.019558
1.003008
1.013042
1.058726
3.166043
8.595084
1.052559
1.866669
1.736083
1.547363
4.899485
1.501910
1.626163
1.308119
1.382950
1.055461
3.296598
1.139077
1.603345
1.027043
5.855806
1.025970
2.732347
1.065163
1.026145
1.040113
1.221722
1.335628
4.523891
1.059351
5.009184
2.393924
1.055276
1.909593
2.310018
1.508117
2.073927
2.559402
1.062355
1.391656
1.046219
1.270604
3.215982
1.504510
6.361163
1.037524
8.288015
1.458147
3.355347
1.002966
4.786612
1.620338
1.124749
3.462399
5.377974
1.183142
1.817370
2.742951
1.323048
1.135523
1.475426
1.584644
1.219206
1.650610
1.766653
1.728915
1.211726
8.961387
3.462739
1.313819
2.700192
1.200098
1.415980
1.256964
1.050497
1.218649
2.200911
1.342423
1.144968
1.709843
1.125699
1.240561
1.006633
1.201388
2.071263
1.693111
2.820593
1.008366
1.639628
1.177506
2.041424
1.458463
1.043782
1.493660
1.259757
1.004398
3.344879
2.304947
1.113047
2.811224
2.052459
1.340496
1.089766
1.956159
1.143302
1.776014
4.733099
1.312689
4.498545
2.869187
2.109225
1.026193
1.198738
5.305284
1.620017
2.004873
7.609780
1.044360
8.102345
1.257661
1.277470
1.413643
2.342272
1.186013
1.690871
1.114496
1.876672
4.351251
2.044096
1.075248
1.898699
1.038038
1.155581
1.229763
1.161401
1.117941
2.381567
1.692836
3.786101
4.899761
1.805087
1.352482
1.459188
1.406120
2.462431
1.209068
1.045846
1.865759
1.794594
1.591518
1.711259
2.697020
1.309475
1.402176
2.892595
5.741113
1.113556
5.073560
1.089492
4.084707
1.543245
2.920595
1.704808
2.376146
1.375860
1.534222
3.082024
1.114790
1.475571
4.987709
2.346034
3.479165
1.383903
1.076132
2.818304
1.657125
2.764472
3.599268
1.101638
1.846027
1.083384
1.949717
2.224640
1.140958
2.864832
1.661623
2.882392
1.162305
1.298497
1.162833
2.544577
8.747943
1.033739
2.163610
1.278102
1.300517
1.611833
1.508639
1.668973
1.246838
2.360785
1.048548
1.267175
1.917514
1.471441
1.101612
1.054982
6.061978
8.273101
1.513973
1.002064
1.792513
5.172610
1.633029
1.047281
6.772988
1.159383
5.060915
1.430999
1.028744
1.258817
1.205659
1.921567
1.087003
1.462789
2.342185
5.918822
1.653961
1.458291
1.281404
2.326229
1.040604
3.147040
1.029617
1.461092
1.930778
2.085091
1.367301
1.322053
1.256083
1.081639
1.371968
2.089314
3.247953
2.673089
1.805332
2.997259
1.088786
1.040210
1.672967
1.067845
1.541890
3.698372
1.831203
4.539251
1.186306
1.642090
2.804069
1.733008
1.246474
1.232839
2.780808
1.074518
2.562411
1.670694
2.239019
1.537982
1.270169
1.898378
1.347540
2.077406
1.342572
1.035623
2.353471
2.361938
1.715962
1.947702
2.921686
1.586713
1.227326
1.241539
3.204342
1.040599
2.284520
1.528802
1.186419
1.458063
1.005780
1.385935
1.631035
2.774992
1.294690
1.443167
9.507471
2.735143
7.619304
1.827646
1.498904
1.113913
1.029158
1.294194
1.985241
1.045853
2.535827
3.098576
2.907655
1.292911
1.086615
1.197891
4.275243
1.481483
3.058988
3.214541
1.461966
1.477869
1.584101
2.602897
3.733850
1.271876
1.021758
1.416993
1.311064
1.484454
2.217564
1.092687
2.739032
1.111894
2.823264
1.164672
1.649189
1.008255
2.219174
3.141018
1.069472
1.330684
1.164284
1.910627
1.056157
1.997684
5.355608
1.561765
1.348978
1.423926
1.392534
1.042622
1.257239
1.086903
1.312640
1.232353
1.256710
1.304331
2.904458
1.659158
2.424610
2.387294
1.648677
1.148544
2.019087
1.431526
1.902858
2.637130
1.074152
2.683608
4.749128
3.457429
1.100788
1.166810
1.517167
1.394521
1.879096
6.983171
1.284699
2.312661
5.247871
1.119022
1.018684
1.258042
3.890464
1.067050
3.881211
1.001922
4.039492
1.068413
1.019711
2.697494
1.355029
1.659016
2.179944
1.549800
1.150853
1.063962
1.250035
1.616882
1.132438
2.655171
1.304205
1.093132
1.046726
1.064585
1.142348
2.765164
1.254275
1.473659
1.064434
2.807333
1.016145
7.063854
1.373514
4.451267
2.447186
1.172734
2.090322
1.008943
1.200814
1.174488
1.243034
1.505133
2.752984
1.173278
1.136921
3.844007
6.483469
1.598127
1.098488
9.410835
1.979546
1.229085
2.043359
3.873983
1.928813
2.737294
1.563050
1.305500
1.482442
1.140515
1.600137
1.277548
1.611041
1.179046
1.243083
1.172404
4.158353
1.066941
1.541761
2.388589
1.346866
1.325474
1.509275
1.502769
1.823380
2.734365
1.312373
2.395256
8.240235
1.078273
1.074827
1.543267
1.008481
1.514824
3.202281
1.100797
1.405081
1.174509
1.940776
1.831465
1.427463
1.302688
2.537824
4.270405
1.087877
4.318022
1.695054
1.324774
1.480301
1.269808
1.476314
1.203575
1.753158
1.049221
3.327578
1.739103
1.200137
1.044805
1.353156
2.094595
1.727227
1.042162
1.571143
3.516283
1.884860
3.282408
1.329978
1.157706
2.220039
4.333426
3.419511
1.078233
1.182104
3.081649
1.710809
2.313012
1.047844
1.010949
1.147408
2.230216
2.637393
2.170223
1.176497
1.153973
1.036008
5.003315
1.019466
2.235537
1.363169
5.783312
4.905148
1.195319
1.130192
3.181829
3.749119
8.792745
1.127800
3.284230
2.614401
1.102031
1.881916
1.081479
6.957260
1.043888
5.350802
1.832669
1.285803
1.063876
1.373568
1.689817
2.468014
1.532349
1.063542
4.720279
1.508194
1.387763
1.663431
1.020105
1.681323
2.831719
1.747744
1.255359
1.460466
1.293802
1.262534
1.528004
1.023114
2.738212
1.436848
3.585454
1.443185
1.135355
1.224213
1.685310
1.033412
3.379579
1.281906
2.435328
1.044936
1.409986
1.661555
1.287920
1.415788
1.160088
1.815823
2.381535
1.494950
1.809595
1.073398
1.362340
9.005572
1.867424
2.151526
1.264810
1.547146
1.025578
1.175056
1.127457
1.217411
1.017038
1.246497
1.858687
2.112271
1.244700
1.823816
1.294088
1.167946
1.673548
1.228639
2.285858
3.857321
3.630070
1.419194
1.221700
1.011227
1.174438
1.409453
1.989293
1.011253
3.593284
2.611663
2.054766
1.264023
1.065413
1.812536
1.463037
1.196776
1.419478
1.319327
4.077613
1.003400
1.101007
2.176211
1.831856
2.016923
2.084673
1.947491
2.616611
1.303891
4.439194
1.172028
1.307209
1.228984
1.069331
1.214266
2.686059
1.299295
1.008197
1.178625
1.015431
1.074679
1.229324
1.370747
1.207252
1.771107
1.449670
1.235108
2.235402
4.226398
1.286539
1.262126
1.660733
1.261678
1.025184
1.730250
1.065402
1.312009
5.084867
1.143006
1.048197
1.134279
3.194653
1.239599
1.371351
1.388962
1.250463
4.232742
2.816413
3.214748
2.320579
1.140711
1.148925
2.096089
2.116551
1.434548
1.917679
1.250223
1.290232
1.294090
1.203460
2.166114
2.488749
1.273270
3.855840
1.690635
1.550500
1.249800
1.016836
1.219413
3.068765
1.310096
1.908612
2.011757
1.301634
1.772464
3.834556
1.466868
1.897441
1.473828
2.412040
2.485454
1.596921
1.389325
1.464140
1.283720
1.074669
1.044976
1.327091
1.211215
2.407813
1.693967
2.595382
4.564397
1.028687
4.419788
7.629646
1.248197
1.066910
2.689995
7.772332
3.374013
1.393424
1.142280
1.617258
1.086863
1.530857
2.189879
1.111497
3.555250
2.632301
5.204346
1.007677
6.626642
1.398744
1.277786
3.550847
6.702230
1.712211
1.219197
1.411954
1.169589
1.587946
1.370035
2.913961
2.073191
2.070922
1.090472
1.522594
1.015573
1.979103
1.135367
1.536023
4.009807
1.274360
1.377323
1.823541
2.281671
1.045484
1.148152
1.479464
1.094822
1.165110
1.287352
1.702554
1.216016
2.648737
2.187952
1.050038
2.171592
1.327692
5.961540
1.514873
1.264798
1.291025
1.187180
1.327803
1.379976
1.706128
2.721121
1.244181
2.570138
1.849003
2.833389
2.739976
1.095045
3.191840
1.219300
1.034195
1.858025
1.025253
1.218948
1.484267
4.219601
1.549120
1.227804
2.312431
1.164225
1.744299
1.023985
1.164376
1.233602
1.722240
3.000360
1.267312
1.803336
5.345274
1.449446
6.942012
5.239410
1.980348
1.038552
1.340823
1.167461
8.728731
3.003343
1.237674
1.018160
1.219525
1.806428
1.307546
2.456742
1.920929
3.535022
1.630275
7.464242
2.471666
1.393206
2.142220
1.437470
1.413282
2.647934
3.626915
1.107444
1.540965
2.234249
3.795327
1.601786
1.681085
1.091886
1.048073
1.278029
1.272504
8.067775
1.478796
1.780272
1.181231
3.434509
1.047427
1.331945
1.215958
3.243773
1.043178
1.299542
1.326407
1.518823
1.783636
3.673963
1.210027
1.743485
2.429980
7.660641
1.240328
1.497389
2.643288
1.210993
1.139660
1.522917
5.779740
2.561693
2.513676
4.053582
1.186221
1.068587
3.228928
1.666800
1.647267
1.994045
1.084085
1.718047
2.127737
2.863470
9.150634
3.046048
1.119245
1.393781
1.183288
1.075849
2.040084
1.737886
1.257574
1.028445
1.029532
1.376466
1.746661
1.271938
4.445411
1.078015
1.627672
6.774653
1.704048
1.622586
1.933786
2.539243
1.581024
1.331730
1.610151
1.143514
1.631173
3.378840
1.391875
1.681601
2.612112
2.321227
1.191604
1.016549
1.058914
1.054058
3.615010
2.236366
1.225722
1.171638
1.556825
1.008678
1.533548
2.866103
4.671618
6.080962
1.432798
1.090240
1.795520
1.075328
1.339681
4.186688
3.047609
2.003355
1.020938
1.134300
1.201728
1.230005
5.781999
1.579515
3.136380
1.136982
1.039462
4.105824
2.095092
1.822134
1.707919
1.032948
2.386444
1.021756
1.355500
1.231301
1.025479
2.750582
1.195378
1.108258
4.154822
1.528505
1.680236
1.065099
1.846131
2.136390
2.433882
9.483688
1.722689
3.006085
3.111509
1.911531
2.320249
1.100005
1.133155
1.509866
6.071991
3.354668
1.107213
3.089682
1.051063
1.257364
5.531579
2.631065
1.057005
4.183833
2.459876
1.210884
1.422372
1.972888
2.129284
4.256784
2.029521
1.013912
7.385028
1.024536
2.202915
1.838529
2.358419
3.434555
1.088740
1.071478
1.397865
1.430613
4.827796
2.100278
2.695085
1.088414
1.189744
2.217915
1.354723
2.817423
2.947391
3.574109
1.208513
1.039800
3.887691
2.029450
2.149961
1.258792
3.804814
1.253277
2.056371
1.158930
2.593520
1.475679
9.811364
1.067559
1.121993
1.180414
3.001054
1.492463
3.311072
1.132483
1.999963
1.474161
1.026394
1.099901
1.025863
1.147254
3.593952
1.551599
3.072722
1.729621
4.705989
2.432996
1.552113
1.252034
1.210138
1.342507
1.195486
5.603766
1.526683
1.079224
1.754582
1.128194
1.476919
1.152188
1.599655
1.454613
4.508350
2.376333
5.552515
1.291015
1.068477
1.455996
1.010138
1.845227
1.846508
2.897158
1.244612
1.241611
5.073722
1.152128
1.413557
2.723310
5.332402
1.321110
1.053643
1.405840
1.954690
1.023842
2.169177
1.254728
1.096709
1.273242
1.555698
1.259775
1.223730
7.313884
1.369109
3.093283
1.949186
1.084791
1.742974
1.459393
1.529459
1.111027
1.525680
1.023973
4.440325
4.589662
2.214004
1.462421
1.027537
8.314597
4.708585
1.124179
2.625910
1.071101
1.117948
3.723027
2.830857
4.395452
1.464867
1.827979
1.368388
1.234797
5.316113
3.418777
1.179436
1.005903
1.671276
4.342160
2.013209
4.235886
1.021887
1.801733
1.362028
1.202314
3.978724
4.832591
1.092440
1.945352
1.203621
1.302665
1.495515
8.261277
4.181558
1.077595
1.488362
1.548833
2.513730
1.030059
1.098122
1.497179
2.733940
1.465130
1.205722
2.019666
1.020856
1.102633
4.837362
1.647608
1.162521
1.147047
1.037111
1.129979
2.402877
1.196399
1.111742
2.520384
1.234295
1.186755
1.110942
2.498196
1.335409
1.118274
1.275564
1.487814
1.164350
2.786853
1.229602
2.131060
3.841309
1.647040
6.099209
1.844312
1.487751
1.799026
1.138038
7.022071
1.092029
1.043909
1.447224
1.043751
2.271482
1.107303
1.973938
2.122465
6.503298
1.287960
6.698062
1.898256
2.265270
1.233048
1.024869
3.420059
2.491241
5.136793
1.056108
1.699947
1.243386
2.674860
1.657115
2.297080
1.953834
3.292865
1.203258
1.368597
2.438951
1.193117
1.360599
1.032123
4.347625
1.242488
1.167307
1.224265
1.368642
1.263358
1.479570
1.130771
4.945129
1.727647
3.241239
1.731595
6.754187
1.063760
2.613466
4.842252
1.009557
3.507877
1.124559
1.129163
1.065994
1.555324
1.052936
1.212170
1.099568
1.156567
1.106236
1.069131
3.247709
1.485764
1.409680
1.133517
1.327072
1.008048
1.452555
3.763888
1.034546
1.017828
1.005742
1.426013
2.819342
1.718948
2.424200
1.748179
1.071917
1.012221
1.329672
1.249589
3.741928
1.068633
3.574998
1.167253
1.266096
1.056190
1.430799
4.224899
1.215843
1.015975
2.365047
9.923380
1.878883
2.994026
2.149322
3.131471
2.977708
1.093073
3.093157
1.479368
1.148688
1.286860
2.333983
1.412420
1.291205
2.163876
1.281743
1.521430
1.412207
8.871983
1.046746
1.633816
1.055280
2.270034
1.251057
2.398625
3.143358
1.734524
1.213704
2.657556
2.314214
4.242734
3.179976
1.170598
1.214914
1.129726
4.063658
1.100710
1.873459
1.646760
3.434693
1.244640
2.153225
2.820563
5.591309
1.078314
8.026226
1.707248
1.484142
2.103569
1.129808
1.509113
6.198301
1.102449
1.137169
1.730303
1.457200
1.210752
1.247989
7.032878
1.231354
3.390400
2.060111
1.178088
2.347117
1.168214
1.257208
1.992185
1.518183
2.287462
1.134048
1.466618
1.100090
4.336352
2.833834
1.977389
1.051917
3.863698
1.666273
2.183214
1.803735
1.293260
3.752600
1.279603
1.494321
1.813680
1.133664
1.110646
3.161250
7.489823
1.088483
2.040308
1.685194
1.185230
1.196552
2.135547
1.497268
1.940106
1.244768
1.886725
2.739349
2.838325
1.248465
1.074233
1.734321
4.532476
1.162121
1.035100
1.215791
1.148003
2.122529
1.178619
4.029347
1.011956
2.036262
2.717593
2.409073
1.163032
1.288563
1.262997
1.167431
1.494493
1.207148
3.903282
1.180655
7.877077
2.619238
1.568774
4.037881
2.850320
1.136101
1.381440
1.746380
1.553407
1.579324
1.220937
5.944277
1.235726
1.174732
1.643954
2.979945
4.704981
1.167563
2.650374
1.453174
1.175140
1.860726
5.391319
1.377314
1.571395
9.115401
1.154070
2.893627
3.117570
3.284214
2.469990
3.289895
1.276551
1.453004
1.520290
1.009653
1.264390
1.399776
4.335800
1.463551
1.395008
1.104710
1.132264
1.519810
1.868019
5.590125
2.099842
1.015219
2.748736
1.400335
1.154720
1.932034
9.536185
1.510370
1.912173
1.033455
4.334453
1.667250
2.736862
1.781775
1.502837
1.209781
1.800059
1.344269
1.128173
1.036608
1.165898
1.273995
1.163979
1.168823
1.025932
3.482051
2.230064
1.210186
1.112473
1.327504
1.686142
4.379502
1.112088
2.102676
1.656028
2.227909
2.106295
1.165262
1.017544
4.283942
1.443576
1.199791
1.319103
7.554914
1.028236
6.199798
1.655479
2.011416
2.634276
1.586257
1.616268
1.338673
1.227356
2.397586
2.787698
6.553974
1.448304
1.165842
1.272610
1.558442
4.274776
1.100420
2.088091
2.752959
1.126136
2.325172
2.233948
3.080761
1.139520
3.191734
1.081106
7.271742
2.368641
3.257461
2.484979
1.204531
1.188741
2.541090
1.143879
1.286974
1.285136
2.819437
2.421621
1.190666
1.198833
1.586147
1.873751
1.090373
1.378093
1.823756
7.289644
1.005070
1.125826
2.282917
1.144077
1.009642
1.017415
2.115488
1.138619
4.141943
4.383327
1.873826
1.617694
1.610031
1.186498
2.653247
6.804594
1.039114
2.003538
3.411997
1.025400
3.311702
9.532508
1.098149
1.009496
1.261037
2.116882
2.391134
3.530643
2.032819
1.846112
1.772368
1.253477
1.940273
1.087340
1.708464
2.473650
2.537879
1.036538
1.665431
1.780872
4.384114
1.101106
2.232767
2.210325
1.244973
2.223466
1.029382
2.415394
1.409908
2.059349
6.223691
1.010385
3.774438
1.005990
2.622104
1.171793
1.168247
3.469650
1.371843
1.165289
1.560117
1.235399
1.152715
1.106098
1.270390
2.723849
1.066876
1.039674
3.994138
1.739051
4.072777
1.202562
6.398973
1.871832
2.211675
1.089950
1.607266
1.263623
1.254969
2.100796
4.084965
2.100202
1.531569
1.072645
5.198564
1.714391
1.024352
1.163007
3.519439
1.130793
1.346974
2.101548
6.263209
1.729444
2.447698
1.913836
1.790377
9.300957
7.035951
3.680972
1.249445
2.302676
2.820444
2.234335
1.148954
1.181821
1.004731
1.453395
1.528675
1.059959
1.896094
1.358895
1.487431
1.585192
2.502056
1.619989
1.459220
2.267718
1.594308
1.201989
1.690645
1.706680
1.718632
1.895999
3.529663
1.750443
1.998066
2.175539
1.076544
2.267619
1.141605
4.505224
3.341766
2.510347
1.192594
1.861172
1.404097
1.216214
5.009040
2.075837
2.686148
1.615452
6.111697
1.110446
3.145785
1.139305
2.803503
1.481477
2.599106
3.116958
4.688526
1.206497
1.271940
5.490296
2.198798
2.142231
1.510222
1.226103
1.132732
1.395323
2.215590
1.073923
2.888193
3.718987
3.547822
1.957348
6.241066
2.049491
1.645742
1.202817
1.114881
1.223886
1.430835
1.255820
1.189782
1.333651
4.425304
1.508646
1.823397
3.906071
1.897739
1.014751
1.047251
1.219949
1.283517
1.216938
1.530797
1.129433
1.245303
2.041587
1.115857
1.765388
1.866008
6.289456
1.559679
1.625064
3.154056
1.402393
1.198096
1.284118
1.927679
1.057469
1.442348
1.496676
1.017070
1.074964
1.495569
1.562688
1.210014
1.332414
1.174651
1.087750
1.175674
4.432367
4.645883
1.981080
1.576711
1.590906
1.728206
1.681686
1.375236
1.125571
2.644388
2.541269
1.910723
1.717993
1.302996
4.035325
2.591112
1.976286
3.138743
2.170114
2.833613
1.189042
3.341713
2.148813
3.706385
1.606634
1.230471
1.150887
2.177306
2.100940
1.539578
1.484185
1.082459
4.646726
1.097000
1.281103
1.588209
1.641909
1.462891
2.543724
3.076037
2.597826
2.574598
1.688781
1.538936
2.502889
2.228260
4.588402
8.610557
4.724637
2.830209
2.010349
5.226850
1.452304
1.283166
1.354682
1.272416
2.251931
7.487945
2.738024
1.025339
1.356670
1.560242
1.324219
1.270081
1.353380
1.425051
1.537514
1.115181
1.156472
1.408700
1.324330
2.337457
1.217842
3.745012
1.040172
2.025061
1.134454
1.135588
2.045468
1.056737
3.103771
2.776266
4.266736
1.747085
1.033437
1.510174
2.912042
1.191238
3.480476
4.130446
1.277632
2.186792
2.751057
1.180036
1.302820
1.658205
2.403347
1.818211
2.222248
2.315658
1.606711
3.741300
1.543648
1.344527
1.351353
1.852570
2.340621
1.075834
1.334086
1.426860
3.786045
3.668237
1.525129
1.031482
1.510102
1.117109
1.318265
1.037709
1.353761
1.056506
1.812910
1.945429
1.880024
6.078227
1.934982
2.441673
3.244676
1.262172
1.183261
1.930832
6.045521
1.190681
1.540402
2.345988
2.273040
1.326507
2.423341
1.103234
1.125546
1.280003
1.055783
1.125365
2.742182
2.355324
1.417230
4.541464
1.649006
1.919806
1.112513
1.126637
1.422910
1.479302
1.652989
1.207909
1.226692
1.371825
1.001666
1.242307
1.524378
1.185009
1.504924
3.129973
1.739696
1.081786
1.640944
1.127696
3.469335
1.015727
1.619683
1.043417
4.397882
1.006987
1.291430
2.697278
4.046953
1.004007
2.687995
1.768617
3.601501
1.560568
1.101280
1.258110
3.985739
2.155116
1.028413
1.212084
2.429771
1.374277
3.925755
1.605661
1.608239
1.020891
1.006205
1.243301
1.580940
1.996833
1.012627
1.841460
1.331542
1.096527
1.640225
2.300086
1.420469
1.065681
1.642623
2.940764
1.234653
2.283797
1.067816
3.208909
1.590716
1.022100
3.076479
1.517455
1.035717
9.722089
1.256870
2.098900
1.138929
2.307261
1.823560
3.105945
1.102780
4.409839
1.969438
1.190701
2.999200
1.345883
1.145747
1.004085
2.729647
1.371222
3.540838
6.316477
1.673370
8.972721
1.068617
1.624241
1.519379
2.065720
1.080963
4.638139
1.279990
3.976315
5.283114
1.739056
5.180217
2.599892
2.227025
1.749411
1.021891
2.148389
1.209988
5.213922
1.024799
1.127729
1.544527
1.067038
1.909681
1.147633
3.515696
6.842469
1.122988
1.898506
1.028862
1.119488
1.144172
2.574193
1.710900
1.331911
2.926772
1.708752
2.291169
1.318074
1.698615
1.051628
1.227279
1.646759
3.309020
1.546915
1.015990
1.073101
3.850856
1.078821
4.139856
1.334743
2.318802
1.638414
1.025501
1.294252
1.473036
4.677954
1.472656
1.132943
1.440778
1.056183
1.213861
1.258638
1.884930
1.187018
1.853000
1.105940
1.081532
1.082447
2.038855
1.148812
1.812276
4.254488
1.051656
4.165408
1.249955
1.305795
1.396003
1.395257
6.498866
1.208523
1.188826
1.181771
1.098737
1.094305
1.515960
1.279417
3.259816
6.361998
1.222370
1.731716
2.547273
2.555534
1.484196
1.175169
1.096672
1.645442
9.966430
1.178192
1.638494
1.919092
1.580671
1.450465
1.478778
1.424714
3.462286
2.848910
1.560914
1.074435
6.100190
3.897857
1.610416
1.239367
3.243238
1.290399
1.853648
2.360176
1.171620
1.138629
1.076718
1.573015
1.790578
1.174440
1.474261
1.021147
1.304737
1.213361
1.231594
1.708382
1.163116
2.832220
1.664064
1.905245
1.165163
1.214414
1.131803
2.035376
4.029145
3.259664
2.436443
1.154530
1.150106
1.375253
1.338188
1.130871
3.257062
1.179680
1.162667
2.776879
1.117221
1.660600
1.292124
1.280653
1.159066
1.187734
2.423322
1.059666
1.025858
1.037458
1.411272
2.203161
1.572111
1.008131
1.670316
9.475799
2.996636
1.055749
1.405448
1.258197
1.127143
1.156054
3.215731
1.086682
1.978734
1.446911
2.901751
1.909744
1.591575
1.021091
5.701966
1.100560
1.660107
2.198781
1.906180
1.048562
1.863681
1.161699
1.552450
1.175346
1.161238
1.198731
3.015157
3.314720
4.654705
1.750975
1.059536
1.070077
2.008371
5.387276
2.989104
1.428954
1.223088
3.734489
4.663826
1.953014
3.263440
3.541657
3.439290
2.390612
1.301546
1.394801
2.760114
4.767468
1.636662
2.341351
1.352201
1.006751
1.229464
1.679285
1.282173
1.549910
1.112057
1.044185
3.624263
1.369468
1.073322
2.205235
8.697745
1.187565
3.869856
1.003436
1.042574
1.126034
2.413098
2.835813
1.496795
1.116324
3.074372
1.129611
2.178060
1.552558
1.118723
1.105667
1.749263
1.057950
1.260036
1.060293
1.104943
4.011447
1.905402
1.019699
1.525308
1.996586
3.563207
1.477234
1.244056
3.915875
1.051886
1.154578
1.038639
1.447605
1.000217
1.893074
1.488954
1.149906
2.252070
1.476526
1.297403
1.342178
1.103079
1.015699
2.939782
1.672228
2.543001
1.011702
1.196547
1.814964
2.185464
4.220139
3.570458
1.274030
2.148372
1.149220
1.082598
3.661402
1.691917
1.500567
3.385693
3.639683
1.326028
1.788273
1.164933
1.142786
6.282115
1.715830
2.426215
1.272799
1.145973
1.149923
1.024692
1.631987
1.074163
1.027806
1.592526
2.544666
1.171250
2.161421
1.019408
1.222611
1.354342
1.130378
1.415429
1.235024
1.450441
1.163197
1.214036
1.079468
2.926698
1.447099
2.462283
3.187915
1.914214
1.644666
1.136859
2.231089
3.158715
1.217050
1.240892
1.020836
1.962978
1.169031
2.092559
1.170441
1.563546
1.700092
1.241464
2.147677
1.592121
1.512802
1.137273
1.642233
3.659803
4.991194
1.353278
1.143852
3.051962
1.921388
1.164194
1.019089
1.320764
1.757354
3.000310
1.177518
3.776593
1.023207
1.077796
2.788711
1.002876
1.829171
1.206104
4.158350
1.065683
1.806128
1.694736
1.100504
1.400055
1.038135
1.552159
2.102490
2.651142
1.145987
1.467292
3.467546
5.206162
2.533987
1.118904
2.201692
1.149824
1.173603
3.225829
1.194932
2.191490
1.037093
2.388861
1.131451
5.416546
1.046697
1.414899
1.538931
2.245212
4.191556
1.340636
3.475936
2.012431
1.378314
1.155456
1.001383
5.492434
1.561660
1.521581
2.665972
2.100592
1.052248
1.531877
3.377660
4.992738
1.069409
6.440876
1.052054
1.029798
3.064566
2.157318
1.450179
1.574565
1.756586
5.223223
4.649529
2.128358
1.221825
7.995948
1.183178
1.183178
1.186467
1.222534
1.115854
1.641253
1.555521
2.536211
2.849706
1.009381
1.378518
1.717340
5.204833
1.170367
1.162059
4.851581
2.174803
1.334706
1.226703
1.665059
3.692066
1.333280
1.164517
2.530272
2.047300
1.030902
1.580978
7.754888
1.120383
2.273216
5.261227
1.952931
1.466119
1.108062
5.486112
1.129301
2.334032
1.709976
1.051455
1.263705
1.531237
1.087377
1.331447
4.569083
2.558042
2.171031
1.209943
1.174087
1.254054
1.138483
1.326858
1.222067
2.663130
1.267242
1.787863
2.176249
2.417232
2.086191
5.231426
1.315102
2.011125
1.500777
3.211223
2.556039
2.219394
1.868565
4.915676
1.346816
2.369486
1.388862
1.109734
1.699163
3.395963
1.578997
1.658216
3.013730
1.569895
1.332886
1.172269
1.671559
5.862279
1.045764
2.204716
1.088113
3.616385
1.122599
1.025128
1.176304
3.231325
3.582850
1.936468
1.137272
1.599602
1.010017
1.655416
1.156560
1.010997
1.393580
5.443907
1.439734
1.122244
1.087550
1.008908
1.313203
2.123397
1.996212
1.111337
2.032113
1.556774
1.737880
1.210772
1.814262
1.769014
1.339338
1.840702
1.050323
1.212408
6.341534
1.019141
1.976767
1.091868
2.084624
1.466947
1.425629
2.144483
1.147674
1.911975
1.016608
1.706562
2.500270
2.991883
1.074067
6.033477
2.317621
2.574792
1.024074
1.376549
1.693920
1.471154
1.260540
1.455372
1.971911
1.030842
1.033750
6.369115
1.055950
6.404845
1.072992
1.592451
1.123602
1.711535
2.041632
1.325109
2.571298
1.501383
1.702744
1.703626
1.895379
1.832272
1.033912
3.380107
6.891793
1.674696
1.586968
1.336026
5.324055
1.024227
1.109747
3.033780
1.302777
6.313418
2.435179
1.929037
4.766820
1.153766
1.252527
1.705603
1.157555
1.003843
1.689734
1.141350
1.107521
1.029422
2.236097
1.297834
1.180472
2.948907
1.604470
1.020455
1.184499
2.591465
1.577401
1.223020
2.751224
1.718070
3.236355
3.112900
2.435675
1.029127
1.759545
2.344155
1.045028
1.712572
2.180413
1.188743
2.837890
1.477277
2.155013
1.936992
2.691307
3.315725
1.190587
4.355286
1.300092
2.644339
1.990785
6.572604
3.010968
5.057590
4.542058
3.868753
1.020062
1.516265
1.089187
1.554188
1.226359
1.145341
1.517004
4.167001
1.488775
1.507074
5.896922
2.928126
6.807559
2.113194
8.869941
3.079563
1.268669
1.091124
1.095951
1.888055
3.569612
1.386733
2.233962
3.776050
1.604978
1.056797
1.144443
2.805420
1.201337
3.025228
1.388731
1.955921
1.019577
1.512601
1.283232
1.247940
1.195068
7.746808
4.012321
1.312290
1.974982
1.975620
2.087888
6.352291
2.614450
1.207551
1.467962
1.667487
1.603347
1.037806
2.105331
1.274119
6.396655
1.031160
2.276108
1.774830
1.771925
1.637152
1.492418
1.438538
1.881570
1.216160
1.057751
2.703608
1.968683
1.861067
2.953755
5.816391
1.703620
1.782016
5.366664
2.948618
1.014585
3.630085
1.443451
5.403939
1.200904
2.203327
1.075293
1.801698
1.134065
2.536491
1.615297
2.346913
1.749970
1.874553
1.500070
1.132552
6.865806
1.073891
1.096162
8.115407
1.083076
1.057254
1.698172
1.002523
1.512286
1.408152
1.249868
1.028175
1.551497
5.362395
1.120089
6.774766
1.767557
1.197619
1.395594
2.563528
1.280283
1.015409
1.694692
2.976779
1.655791
6.728114
1.303008
1.048028
1.241633
1.218705
1.800517
1.082148
1.241580
1.492430
1.644972
1.517217
3.390587
4.239217
1.356516
1.892824
1.106633
1.094006
1.229465
1.730586
1.276343
1.549605
1.554475
2.371951
2.847741
1.234393
2.349811
1.583669
1.183485
1.528649
3.235504
2.003692
1.726800
1.184643
1.187738
2.799269
1.047247
1.133903
2.175876
1.337420
1.585049
1.786927
1.005199
1.530071
1.930677
1.137731
1.144900
1.258358
1.615192
4.450495
1.236910
1.322918
1.553859
1.419006
1.186769
1.383846
1.452753
4.265489
2.226085
1.230740
1.332970
1.233629
7.323412
1.070182
6.596598
1.464029
1.157457
1.181889
1.128093
1.571699
1.663881
1.266609
1.514292
5.307326
1.319407
4.932208
1.346728
1.942424
2.577955
2.461235
7.548109
4.180634
1.442922
1.462416
9.521238
1.061148
1.336957
2.078326
1.172625
2.530522
1.281428
1.049166
1.750618
2.636141
2.905058
1.891054
2.584683
1.090366
1.211505
1.438813
1.584369
9.861661
1.403309
1.500705
1.133546
4.256418
1.417077
1.210168
3.157377
1.255132
1.066219
1.536027
4.984202
1.070424
1.243727
4.906992
1.104593
2.739638
1.420023
1.218473
4.190264
1.434378
3.146941
3.883408
4.630398
5.895217
1.257739
1.466726
1.171642
1.724975
1.061412
1.236972
1.262866
1.273193
2.720097
1.073867
1.811656
1.222241
1.642244
6.329697
7.189766
1.705214
1.624549
3.307764
3.219927
1.001109
3.065839
2.229120
5.232071
1.831087
1.214771
3.673823
1.083009
1.989385
1.456127
1.307482
4.095922
1.087681
2.459325
2.349295
4.573163
1.117018
1.654838
4.710911
1.422927
1.931253
1.053877
2.353476
2.451232
1.447381
2.062507
1.463411
1.001238
1.140534
3.428467
3.274600
4.258988
1.162914
1.171692
1.456170
2.597101
1.031404
1.820486
7.984863
1.877518
1.520179
9.804959
1.644431
1.411348
1.665586
2.221352
1.705341
1.402196
1.026278
1.278332
1.722827
2.394142
2.217908
1.323872
2.962355
3.038835
1.618503
3.222702
3.589251
1.540708
1.473773
1.168449
1.439874
1.874868
1.130616
7.503835
1.542868
1.557297
1.054215
1.512614
1.461836
1.114443
1.726854
1.759740
7.362655
1.064165
2.977188
1.197427
1.184129
1.514982
1.266171
1.126268
1.245305
2.204713
1.079323
2.146230
4.921873
1.355896
1.066796
1.230326
4.847432
1.858116
1.643238
1.471658
1.247884
1.413733
2.311060
2.873820
1.291458
1.143345
1.370912
1.163211
1.598469
3.872414
1.217436
1.418391
1.666745
1.102077
1.734740
2.052076
2.198530
2.270734
1.915043
2.697312
7.262238
1.007389
1.793468
2.204273
1.602210
5.457179
1.410822
2.402946
1.453502
1.719116
3.736151
1.626358
3.139352
1.833471
4.237453
1.099897
5.625024
3.829683
1.025772
5.364587
1.011730
6.504778
2.059170
1.155088
1.292867
1.583034
8.210194
1.054934
3.252390
3.333134
2.260463
1.021433
1.382682
7.780402
1.079410
1.758867
1.451245
1.479043
1.006600
1.402217
1.230384
3.031898
1.235269
1.159932
2.751289
2.171239
1.023879
1.777696
1.306030
1.672194
1.620569
6.409896
1.342597
1.336794
1.885073
9.421587
2.089278
2.155244
1.621114
1.162683
1.068063
1.261044
2.710798
1.136717
1.032841
1.131044
1.128779
2.199681
4.098291
4.898808
1.102219
1.531505
1.603974
1.046756
2.563224
1.698375
1.398515
2.370013
8.276533
4.720006
1.290190
2.392768
2.056399
1.286777
1.787224
2.878083
1.193871
9.904385
1.022389
6.759389
1.185539
1.548922
1.656326
4.334315
1.483717
1.723638
1.128194
1.496444
2.893745
1.040914
1.108905
4.207341
2.308443
1.409739
2.873756
1.162442
2.658981
5.735992
1.488023
1.178416
1.385797
5.515290
3.520507
1.344838
1.189656
1.189088
1.954195
1.854265
1.140363
2.010286
1.969610
1.039367
1.944204
1.751277
1.011600
2.033770
2.878439
3.938437
1.250646
1.865657
1.029843
4.643862
1.617608
3.256021
2.792072
2.273933
1.308296
2.320246
1.092207
2.554286
1.315600
1.154253
1.118080
1.523264
1.084862
1.075901
2.728558
1.059009
1.186496
2.420948
1.277535
1.311382
1.973682
1.520306
1.118525
1.207736
1.488587
1.973111
2.465379
1.269941
1.334137
1.048810
1.346368
1.159833
1.019508
2.460392
2.010371
1.031523
1.491091
2.209871
1.985559
1.684447
5.417661
1.542297
1.503476
1.215517
2.792987
1.679067
2.448427
1.994960
1.323462
1.616766
1.215624
1.593942
1.240979
1.327982
2.052653
1.159593
2.198497
1.809867
2.160013
2.079777
1.232907
3.287600
1.224585
1.400751
3.400081
1.657717
1.124324
1.837161
6.181624
1.748866
1.610877
4.642260
1.882931
1.664606
1.763279
1.318814
1.164675
1.756560
2.564307
1.197491
1.251975
1.360495
2.600339
2.623113
1.724878
1.454952
1.357516
2.460038
2.133311
2.230521
3.275463
1.049708
1.067635
3.108740
1.410088
2.030012
1.152995
1.193617
2.367439
1.181607
1.285696
1.790740
1.154451
2.402736
3.000327
1.206166
4.532603
1.238681
1.376599
1.102575
2.308207
1.963735
3.311779
1.068605
1.219554
1.051053
1.048102
7.133203
3.057550
1.697106
1.820503
1.060595
5.205129
1.307481
3.808422
1.840067
1.505332
1.987954
2.468624
1.109365
1.130593
1.629136
1.188905
1.664383
6.365253
1.068870
1.078917
6.166861
1.612776
4.374298
2.501493
1.034332
4.350427
1.098751
1.402487
1.250863
3.261435
1.121839
1.176578
1.801462
2.458104
1.374273
3.250364
1.067039
1.938267
1.108092
1.667471
1.397231
1.228651
4.687855
3.678953
1.223653
2.513641
2.816585
1.145625
2.416137
1.660919
2.004582
1.937049
1.055123
1.129864
1.680195
2.679209
1.158161
4.679526
1.279860
1.052682
1.455737
1.346739
2.601791
1.208508
7.431705
1.128703
1.205326
1.165389
1.227736
2.040005
1.189323
1.834516
3.749757
1.794946
1.923784
1.362998
4.020423
3.435294
1.002968
9.097553
1.308698
1.061186
1.168920
2.314598
1.103036
1.098529
3.066491
2.385545
1.346297
1.281872
1.243487
1.276442
3.869977
1.079917
1.503681
1.139154
6.527177
1.043382
1.081734
1.436944
3.802473
1.099379
1.293382
1.683262
1.700951
1.168257
1.034597
1.193604
1.652885
1.512736
1.708466
2.566250
1.029784
1.555180
3.029087
2.135480
1.160762
2.185644
1.728025
1.328905
1.546377
1.270395
3.324247
1.238609
1.259957
4.658126
1.537140
3.027366
3.829026
1.451724
1.351598
1.859911
1.471953
1.174521
3.220204
1.370893
7.902435
1.695100
2.034683
3.148210
2.537336
2.033478
1.624239
1.482448
1.194081
1.585337
6.157775
1.012558
3.569544
1.288271
1.223635
1.533544
2.589521
2.912829
1.946479
2.746676
1.088386
1.895408
2.491699
1.120947
2.542134
2.928721
1.020314
2.222586
4.715083
2.034774
1.201630
2.004615
2.728720
1.429016
4.645069
1.160462
1.291090
1.094922
1.255097
1.754843
3.029794
3.220539
3.267013
2.156767
1.309747
1.009868
2.440814
1.473116
2.218849
2.114809
1.488625
1.015329
1.698563
2.170369
2.515381
1.294474
1.528953
1.768607
2.866455
1.760486
2.138186
2.441044
1.069303
1.941698
1.144979
2.479987
3.379488
1.161378
2.389129
6.205240
1.017487
1.553992
1.711533
1.976918
3.090267
7.451330
1.668892
2.136790
1.278881
1.261719
1.899472
1.074671
1.061994
1.273881
1.740443
7.740737
5.711259
1.200924
1.025097
1.457628
1.788710
3.436390
1.266091
1.006387
6.041992
1.168138
5.476806
2.258030
2.526607
1.250394
3.598324
1.101961
1.173206
4.930363
1.521723
1.063861
1.041551
1.102142
4.191113
1.031397
1.428489
1.255857
2.639426
1.373804
1.303880
2.489311
2.784281
1.074257
1.070982
1.617906
1.140007
8.726877
1.842614
3.644130
4.674104
1.298756
2.215398
1.419966
1.931316
1.377338
2.679153
1.056579
1.211337
2.215362
1.248348
1.328591
1.512952
1.716155
5.740457
4.900136
2.632705
3.605543
2.508702
5.263011
1.365238
2.307525
1.485739
1.125545
1.252530
1.860875
2.511573
1.437904
7.942559
1.512688
1.096667
1.459073
1.197955
8.145652
1.250127
3.994563
4.634631
1.313160
1.086970
2.407461
1.650638
2.702691
2.016774
1.014109
4.642095
1.638630
2.011076
1.199937
2.477576
1.355147
8.135972
5.927529
1.156015
1.104669
1.326577
1.958174
7.042943
1.224958
1.201688
1.807927
1.186391
7.019458
1.805318
2.376659
4.593156
2.279298
1.156575
1.243998
1.019355
6.293305
1.578120
1.205769
1.454283
1.674110
1.268496
1.914377
1.356994
1.448523
1.486928
1.974486
1.260885
1.522951
1.219854
2.864810
1.572337
4.117597
1.881868
3.262314
1.323784
2.112863
2.002870
2.789294
1.129148
2.841682
2.226493
2.187635
4.110954
1.773739
2.881853
1.166720
3.657253
1.313491
1.533880
2.601557
2.113884
2.442089
1.012291
1.099267
1.015994
1.168552
1.210390
1.451395
1.003396
1.022559
1.116158
1.659659
1.431266
3.438951
1.319394
2.473356
7.541340
2.589101
2.793950
1.520535
1.203650
2.788346
1.225187
3.061339
1.760056
7.273836
1.095068
1.281777
5.589017
1.260381
1.093065
2.042739
1.144268
1.717891
1.938866
1.093735
1.876921
1.215026
5.863770
1.623785
5.292215
1.221062
4.790376
1.526299
1.882202
1.927927
1.303010
1.068528
1.689352
1.568663
6.545882
1.598167
1.482337
1.116560
1.564062
5.979529
3.240534
1.810215
2.450819
1.252617
4.106782
1.419527
3.564966
1.340361
1.431173
3.694640
4.333826
1.098373
1.877550
1.956890
2.335358
2.191222
1.050632
1.367100
5.752257
2.852424
1.128138
1.360239
2.112740
1.128806
1.191940
1.965166
2.382561
1.590907
1.766726
1.022582
2.270411
1.678986
1.145012
1.374244
1.572461
5.363336
1.614507
1.638174
1.173659
3.046906
1.638939
1.010697
2.741748
3.061386
1.989986
1.199598
1.118857
2.630127
4.074398
1.574410
1.243684
1.243658
3.954524
2.961196
3.035533
1.138409
5.695210
3.422007
1.080143
1.297466
1.175819
1.445701
1.257015
2.871944
3.030756
1.418668
1.686990
3.862375
1.355967
6.158057
1.068186
1.013974
1.625468
6.767942
1.073502
1.953344
1.501403
2.423018
1.174940
1.120812
1.100489
1.073137
2.084735
4.167096
1.624958
1.018302
2.742677
2.575315
1.274934
1.626304
1.434001
3.239498
1.137959
1.511647
1.536895
1.968389
1.170149
1.345828
1.574593
2.890754
1.750632
3.589516
2.522285
1.137950
1.281175
1.603601
1.059619
6.220750
1.176177
1.905437
1.166014
1.338335
1.018814
1.605650
1.450334
1.077675
1.157104
3.186808
1.036573
1.382570
2.043909
1.251367
1.321843
1.745268
1.269295
1.076284
1.078457
1.037675
1.759844
1.905907
1.943119
1.176590
2.730763
2.363275
1.873898
4.457476
1.851200
1.074199
3.006104
3.503897
1.989500
7.286418
1.419466
1.175532
1.469465
1.594283
1.034253
1.017212
1.914216
1.667272
6.522026
2.964434
1.411827
2.801213
4.538325
2.062509
1.477466
1.692119
3.610031
1.550481
1.089365
1.183757
1.088664
1.543058
1.134840
1.545308
5.081567
2.185390
1.908930
1.271328
1.158498
1.007116
1.881257
1.744657
1.325875
1.906460
1.598244
1.052704
5.124038
1.577172
1.329557
2.916529
1.251152
1.121122
1.159375
2.708106
1.359977
1.651923
1.309358
3.203197
1.445331
1.501818
1.988900
1.137915
1.988348
1.804789
1.791694
8.013992
2.879459
2.612522
2.169970
1.228896
2.328516
1.218121
1.288043
1.089405
1.057146
1.084223
1.574394
1.114540
1.531874
2.989138
1.525359
1.094271
2.566622
6.033598
2.523254
2.036734
3.596090
2.490420
2.448812
2.287688
4.425694
2.226537
3.424967
1.994665
8.234887
1.379782
1.271996
2.362556
1.466703
7.945455
3.955965
1.024108
1.183434
1.809386
3.385911
1.112626
1.410674
1.095821
4.545066
2.033080
2.537646
1.484421
1.393213
2.600855
1.014777
2.239728
5.412528
1.626973
1.753513
1.307388
1.976617
1.412174
1.890201
1.222265
4.557629
1.053041
1.926938
1.308996
1.035148
1.417273
1.373522
1.012843
1.047320
3.267468
1.281647
1.101449
2.337240
1.750176
5.558536
1.523732
1.344062
1.765135
1.023993
1.409659
4.927961
1.284236
1.250748
1.114614
5.748476
1.725731
1.085185
5.666660
1.160429
2.352697
1.354495
1.026893
1.270867
1.837938
1.365258
6.733656
1.698184
1.060889
1.631467
1.089662
1.506335
1.035956
2.148370
1.141341
7.043635
1.397739
1.002024
1.699270
1.794942
1.835436
1.100089
3.978521
2.475625
1.083114
3.841117
1.345089
1.317488
4.319703
2.102676
1.656403
1.525186
1.689828
3.098830
1.168113
1.583329
1.424400
1.560740
1.832195
1.818275
1.067049
3.478818
9.633639
1.381469
4.226841
1.903594
1.855948
1.610927
1.286457
1.117222
1.727879
1.376656
2.770281
2.380397
1.057343
1.701477
3.140193
3.433969
1.426266
1.619455
1.240544
2.358539
1.187739
3.046347
1.909981
2.341681
1.385442
3.354996
1.686512
1.614178
5.704194
3.658300
1.403768
1.781027
3.435166
3.194165
1.754147
1.376713
1.527269
1.389928
1.307980
1.656015
1.853136
3.902948
4.950425
1.078000
1.151605
3.277097
1.214966
1.003324
1.142016
1.813287
3.408168
1.381554
3.971884
1.238754
1.572888
1.627861
1.438008
1.052216
2.363681
3.303902
2.649410
1.200848
2.649574
1.849714
2.690875
4.209087
8.286978
1.268201
1.384408
4.854211
1.020253
1.164535
1.078125
3.865422
1.056472
2.948196
1.240713
1.269359
1.012444
1.001931
1.100804
1.674271
1.494605
1.277883
1.204859
1.763984
2.659640
1.458555
1.001158
1.082311
2.387038
2.617312
7.847990
1.417194
1.624135
1.973841
1.192161
1.330673
1.049206
1.561822
3.357659
4.388534
9.047366
1.049945
1.700191
6.511445
1.245253
4.892525
1.037696
1.053619
3.372721
2.668172
1.852043
2.776938
1.232783
5.183180
1.032527
1.896261
1.209399
1.404009
1.237138
3.002218
1.397778
1.448593
1.143432
1.003744
1.015995
1.197805
1.545886
1.005930
1.204709
1.108454
3.278740
1.482131
1.112065
1.187807
8.159734
1.178585
1.284427
5.216909
1.244978
2.674029
2.130118
1.146965
1.654437
6.447824
2.636512
2.043596
4.604421
1.153607
1.392904
1.229881
1.026119
1.418528
1.028633
1.841976
1.232533
1.055215
1.224137
1.344615
1.494556
3.208700
1.175690
1.146803
1.691478
1.386585
1.010276
1.098535
7.018296
1.351268
1.719316
1.185063
1.379638
1.868577
1.001088
1.227576
1.133810
5.050408
2.007256
3.357908
1.187075
1.734961
1.098277
1.930574
1.994686
1.059387
2.404267
1.237974
1.839559
1.769421
4.220105
3.237436
1.300838
3.318723
1.094606
2.286929
1.424913
1.004794
1.043169
1.088876
5.143051
2.708173
1.608765
1.158565
1.174389
1.676115
2.049879
1.176284
1.545759
3.985348
1.365288
1.299417
1.981993
2.792342
1.225100
1.514239
1.482596
2.041433
1.521486
4.581129
2.591188
3.114984
4.742565
1.371691
1.424168
1.002684
1.947916
3.529835
2.542027
1.676031
1.056410
1.427323
3.069644
2.273729
1.973241
1.360996
2.987410
1.710109
7.243246
1.596967
2.520323
1.087697
1.080781
1.011402
1.956725
4.940571
1.376928
1.000860
1.325548
1.429970
1.063912
1.140250
1.656131
1.513090
3.198457
2.154012
2.910459
1.368862
4.312470
2.941658
3.164792
1.122702
1.036159
1.644225
3.476094
3.214961
1.026377
2.207417
3.185990
3.566105
1.792520
7.919105
1.020123
9.863011
1.608639
1.161745
1.293672
1.617451
1.878761
1.132629
1.467033
1.244091
1.433769
1.401817
2.731375
1.026893
1.268325
1.138203
1.057182
4.584937
8.303164
1.441393
1.566077
1.054690
1.267488
1.104774
1.507326
1.265661
2.700921
2.973639
1.149042
3.057631
2.106362
1.526221
4.707146
1.367954
1.088968
3.584811
2.366251
1.904619
5.953154
5.781095
1.172890
1.405174
1.205639
1.296028
2.064301
1.059567
2.822270
1.232049
1.809357
2.108563
1.344945
1.708111
1.325732
2.695471
6.271401
2.357630
1.485922
5.164489
1.038544
1.146027
1.150058
1.582897
3.204951
4.452342
1.435791
2.378593
2.144614
2.119039
1.322903
1.261591
2.467700
1.887682
3.868107
1.479067
1.202496
3.717813
2.274438
1.018011
1.695108
2.264537
2.757147
2.902695
1.323419
7.590435
3.974518
1.486870
1.070341
1.482799
1.949740
3.001224
2.377844
1.497369
1.810132
1.231078
1.767871
1.166203
2.192977
1.545013
1.323102
3.546380
1.048589
1.200300
2.429185
2.286740
2.714462
1.034380
1.035354
1.295523
2.677807
1.067910
4.645862
1.938490
1.213140
2.260871
1.408232
1.136295
1.043822
1.389140
1.295878
1.908491
1.028907
1.195662
3.804440
5.454934
1.722839
2.991985
1.231514
1.314423
2.346736
1.027006
1.037149
1.060288
1.018713
1.006637
1.319904
1.396010
1.529831
1.540560
1.107924
1.131383
1.934539
1.652417
1.004784
2.656828
1.064458
1.337997
2.541332
2.707368
2.623226
3.056525
4.710505
1.159100
3.207580
1.906448
1.481945
1.313228
1.013338
1.613624
1.772330
1.041530
1.949076
1.729969
1.191636
1.654476
1.212559
1.385705
3.907586
5.196058
1.580587
2.322268
1.633263
3.281553
1.172514
2.970707
1.137956
1.441785
1.786907
3.702956
1.106838
1.214098
1.074214
1.114997
1.672619
1.772290
2.769194
1.624945
4.607961
1.176171
1.661209
2.622066
1.092788
3.888077
1.008195
1.126666
7.120566
1.406151
1.081362
1.505417
1.487809
1.125345
1.435260
1.116024
4.241446
5.229955
2.296231
3.731575
1.079829
1.728612
1.203920
1.188964
1.663153
1.001026
2.030876
1.017347
1.003422
2.177860
2.386160
1.145455
1.781841
3.502665
1.222681
1.514701
2.237118
3.719606
1.520134
1.750298
2.305476
3.315148
1.530660
5.153078
1.103764
5.825313
1.400402
5.202302
1.110439
2.189649
1.265509
1.806617
1.494815
1.278599
1.299863
2.091125
1.277228
1.003860
1.003813
2.712196
1.143516
1.717644
8.095689
1.347023
1.262880
1.584572
1.994103
1.362642
1.856163
2.230190
2.120654
2.551111
1.398101
1.062715
1.495301
5.252959
1.210837
1.959865
1.127984
1.414908
1.766529
2.695517
1.045207
2.378567
1.866557
6.261291
1.047761
1.067799
1.505836
1.358625
1.154178
2.581901
1.350672
1.214818
1.904939
1.859485
1.072482
1.354466
2.042322
1.345040
2.328460
1.060894
1.943307
1.114484
1.356534
3.162286
1.553997
1.835480
1.376670
7.180800
3.611745
1.256030
1.299540
1.291896
1.157393
1.048057
5.339332
1.067042
2.267818
3.252358
2.861138
1.832612
9.806441
2.013142
1.817249
1.070731
1.022540
2.119529
1.263223
1.533913
1.059416
1.405981
1.172657
1.296995
3.027767
1.659467
1.016588
1.049607
2.396043
1.250574
1.697833
1.950567
3.748711
1.793664
4.074828
3.107644
2.322467
1.126512
1.009059
1.143040
2.164656
1.223767
1.667953
3.964443
1.076102
1.130587
1.413725
1.920509
2.299325
5.521712
1.166869
1.609915
1.280641
1.030423
5.109501
1.086717
1.405228
3.267049
2.402236
1.354010
1.089502
1.075667
2.289363
1.427830
1.221087
1.285046
1.702141
1.418313
2.167774
1.015950
1.074092
1.536379
1.049012
1.016724
1.496523
1.726348
1.176877
2.630596
9.303511
1.182207
1.825530
1.203998
1.593873
2.232532
3.841536
2.363924
1.784843
1.230133
5.232880
5.480716
1.133589
2.294240
1.379464
1.806317
2.059533
2.400516
1.340417
1.094072
1.935843
1.042959
1.163411
1.052971
1.028075
1.048776
1.738543
1.771334
3.218747
1.318172
3.071704
7.006086
4.782891
1.779748
9.469966
1.238914
5.205281
1.394863
1.564875
3.422725
6.918525
1.078311
4.167904
1.091455
1.046075
5.532709
1.153843
2.109822
1.455841
1.443676
1.244415
1.279423
5.041996
3.074010
1.797745
1.534742
1.526633
1.960832
3.171213
1.598864
1.055229
1.727220
1.010595
1.176085
1.034535
2.545761
6.772662
1.097406
2.173444
1.244325
5.784456
1.266043
1.283105
1.609459
2.165941
1.083385
2.000766
1.106615
2.465673
1.079450
1.448901
1.335310
4.179325
1.521511
1.112325
1.412097
2.605185
1.298199
1.133815
1.022831
3.375910
2.462850
1.391715
2.325553
4.542128
4.926252
1.550011
1.020411
1.091990
1.201506
1.858599
1.163095
1.472554
1.120405
1.123176
1.254199
1.284910
2.030924
1.191516
1.651819
1.715294
1.102926
3.829083
1.543097
1.605171
1.845214
1.649655
1.526559
7.727489
3.636906
1.541894
4.406690
1.938229
5.949724
4.520487
1.032114
2.170512
1.265555
1.215973
1.071221
2.510854
1.689571
1.025517
2.285880
6.451652
2.290350
1.993271
1.608409
1.361075
2.517177
8.159786
1.185547
1.867529
1.234753
1.240167
1.010716
1.253086
3.313451
1.232210
1.063749
1.678751
1.585832
1.025851
3.653734
2.438069
2.461416
1.512042
1.113611
1.016521
1.354484
4.006626
2.316488
1.130073
1.713259
1.348726
1.288189
1.107796
1.796942
2.000671
2.179001
9.189350
2.676093
1.246617
1.416468
1.857993
3.275486
1.073217
1.434399
1.045010
1.105566
1.636696
1.003854
3.091129
1.277903
1.611710
1.570809
1.041823
1.638686
1.066803
1.437580
1.735016
1.542688
4.418639
1.208463
1.207136
2.166005
1.329033
1.096370
1.263078
1.365960
1.327346
1.611223
1.993244
1.387219
1.265169
2.067713
1.691935
1.779507
1.586701
1.135265
1.710901
1.336816
4.189966
1.169401
1.171028
2.835525
4.253348
1.234910
2.116486
1.129056
1.024038
1.572370
1.144093
1.279727
1.167481
1.311327
4.616600
1.106546
1.349229
1.579483
1.753207
1.364392
1.819103
4.587760
1.845751
1.700796
1.106898
1.533222
4.144268
1.948673
1.773913
4.042371
1.358858
1.014849
1.590411
1.652093
1.798462
2.696236
1.889714
2.064873
1.584674
1.581712
1.038893
1.442014
8.439343
4.455310
1.232617
1.367592
2.847567
5.296810
1.087593
4.281801
6.394676
1.657235
1.823335
1.640903
3.294351
1.169075
1.503334
4.545695
1.032177
1.171567
1.222095
1.186073
1.741662
4.386524
2.116509
1.217996
1.303732
2.599283
1.221747
2.424763
1.142873
1.787389
2.913103
1.107131
1.138466
1.027380
1.124793
2.212868
1.375312
1.039246
2.669788
1.190246
1.126770
9.154668
1.205926
1.004675
9.280624
6.178983
3.318699
1.070180
4.477433
4.961836
1.642989
1.722342
1.580053
1.278273
2.342442
2.416391
1.232389
3.407868
1.021224
1.194115
1.052027
1.405653
1.738596
4.841820
2.676256
1.947463
1.932254
1.073521
1.034419
8.405453
1.895782
2.309123
1.788396
5.886959
2.362626
1.984324
2.470846
1.138271
1.336783
1.558287
1.746417
2.323188
1.467145
1.392770
2.353682
1.379535
1.436636
1.961816
1.800672
1.025897
1.005391
1.394393
1.132715
1.054962
1.534046
1.227293
2.512547
6.517633
2.534373
1.103935
1.457682
1.111848
3.826422
1.053152
1.138025
2.215903
1.172357
1.065173
1.217202
2.104706
2.585005
4.096052
1.175567
1.036440
1.180149
1.226922
7.298257
1.703673
5.956137
3.245623
1.797055
1.309024
1.420529
2.291155
1.260722
1.072812
1.780166
1.721053
3.632929
1.362958
1.429520
1.251732
2.537798
3.160293
1.730626
1.737450
1.455378
2.216926
3.315414
2.982948
1.016791
1.097950
4.344567
1.218677
1.121527
1.089126
1.162556
2.905213
4.258836
1.072688
3.599129
8.765606
1.052753
1.034157
2.195727
1.621089
1.009366
1.010070
4.144855
1.062530
1.286443
6.604418
1.222471
1.122031
6.699522
6.168600
1.005036
1.250203
1.027776
2.591080
1.744478
1.151199
1.421290
6.460742
6.423467
2.409309
3.755059
1.987808
1.057079
1.752967
3.138895
4.837943
3.044446
1.743973
4.586384
2.923144
1.082270
3.774232
2.831520
1.154962
1.022509
4.738300
1.086166
2.400167
1.318842
1.735047
2.116465
1.061034
2.656472
1.240590
1.467532
1.221935
2.201610
3.881443
1.159930
2.590021
1.022072
1.124034
7.120980
1.541355
1.126539
1.628522
1.599070
2.307828
1.442502
1.048611
2.413573
1.139523
4.128613
5.009221
2.497605
2.744311
1.149729
1.508999
3.911483
1.259759
1.029028
1.152130
1.480240
2.211109
1.069273
6.657360
1.451283
3.221645
1.391885
2.051822
1.840471
2.442656
1.791309
1.947720
4.224013
1.883141
2.031832
1.211203
1.699504
1.173019
2.002630
2.154921
1.254622
1.707425
2.006034
1.246098
1.873687
2.539545
1.232704
2.279429
1.891887
1.148272
2.023838
2.209825
1.550020
1.083989
1.636655
2.084841
1.315605
1.215329
2.755838
1.087368
1.126671
1.063489
2.324826
1.878016
1.121629
1.075456
1.110768
1.254781
4.340991
3.857381
4.859377
1.835264
1.118690
1.539495
2.255621
1.732006
2.071163
1.104205
4.507622
1.270974
1.115451
1.685362
1.415340
1.276863
3.170866
1.011273
1.374574
1.373249
2.678151
3.279400
1.310070
1.250879
1.068930
1.420717
2.541289
2.091405
1.501411
2.973571
1.053680
1.220947
1.078395
2.283852
1.235850
1.086637
2.179056
1.153182
1.935942
1.684940
1.441804
2.663997
1.211133
1.430566
1.445506
1.234716
2.156582
1.895371
1.718765
1.624676
3.110069
1.456983
1.037052
2.495558
1.376155
5.348535
2.241166
4.790984
2.701618
1.310223
1.277128
1.766132
1.264835
3.284782
1.601849
1.043933
9.067506
1.151064
5.430068
1.161650
1.863958
2.260446
6.774308
1.541877
2.492707
3.037108
2.297785
5.287481
1.321019
3.906591
1.060344
1.247443
2.819962
2.582637
1.120423
1.596481
3.155139
1.004594
3.993487
1.034259
1.132506
1.064309
1.025586
1.395631
1.154647
1.286865
2.894416
1.242163
1.261200
1.046049
1.307251
3.028470
2.110338
1.602216
1.003504
2.849305
1.205831
1.468671
1.842936
2.133800
1.896267
1.245658
1.016081
1.364928
1.019651
1.265050
6.145016
1.516918
1.089068
9.769063
1.423104
1.670386
1.553857
1.390231
2.763430
2.337748
1.128435
1.066032
1.301492
2.030113
1.928954
1.580506
1.046933
3.721854
2.021714
1.171380
7.851809
9.329888
2.877731
1.755464
2.691055
1.265997
1.941045
5.489366
1.348148
1.146331
2.947682
1.369981
1.140367
2.311128
1.024121
1.632148
1.300767
4.076682
1.238114
2.386008
2.323548
1.765708
1.908032
2.003720
2.148817
4.022605
1.848679
1.003020
1.294602
1.187667
1.812125
1.017435
1.150127
2.504660
1.341821
2.038426
1.272525
1.245419
1.420063
2.113382
2.357835
1.060786
1.189888
1.103589
1.392147
1.970310
1.393881
1.337798
1.224320
1.203416
7.172651
1.311037
1.066600
4.880019
3.689368
2.038399
1.149659
1.131985
1.117699
8.271309
1.194109
7.958654
2.945370
1.317348
1.057991
1.186162
1.060231
2.377156
1.404742
1.466157
1.620473
1.171665
6.783645
1.605203
3.507631
3.733497
6.619660
2.687568
1.951801
4.617233
1.565687
2.489057
1.098138
2.605609
1.306875
2.952751
1.168526
2.641692
1.781160
2.097019
1.558295
1.974467
1.167240
1.059327
1.398292
1.190963
1.202970
2.019566
1.741625
2.053125
1.194506
1.824891
1.672154
1.198827
1.418378
1.409962
1.235942
1.621212
6.711088
1.663523
2.114378
2.310212
1.068671
2.252335
1.335031
1.363930
1.059632
1.232153
1.169631
1.219123
1.192479
2.120940
4.324909
1.138960
1.293062
1.138283
1.754796
1.626500
5.072846
2.732235
3.253509
1.370184
1.783386
1.327051
2.341988
1.319322
2.987962
1.559531
1.218506
1.455269
1.804140
2.332486
2.270096
1.560379
1.612431
1.148193
1.168840
1.300173
3.736715
1.054547
1.024689
1.474067
1.080828
1.022071
1.092829
2.393802
2.227329
1.958806
1.026297
2.509509
1.035767
1.135064
2.379586
1.987058
1.727394
1.133511
1.203030
1.954164
1.503911
1.313763
1.045095
1.095974
1.077333
2.739095
1.239800
1.436362
2.466855
1.297573
2.044721
2.962815
1.872858
1.242267
3.405976
2.280464
1.047815
1.310212
1.133773
1.176261
1.074852
1.019468
2.530769
5.387774
1.016658
2.787636
3.156247
1.897763
1.105078
1.910929
1.897446
1.521175
1.062735
4.301294
1.223689
1.298733
1.407677
1.017873
1.076119
1.643346
1.221909
1.258327
1.057147
1.103564
3.640844
1.664319
1.552375
1.702556
1.235454
1.026693
1.429861
4.680766
1.000377
2.783124
2.529104
2.098248
1.593448
1.227518
1.228898
2.477220
1.413989
1.625919
1.480421
1.526466
1.110775
1.428522
1.960741
1.402709
2.533279
1.326648
1.704575
1.110644
2.772281
2.905801
7.283965
6.937984
1.085864
1.318939
3.124738
2.141145
1.217935
1.343901
1.768223
1.410986
1.712784
1.113012
1.072892
1.301516
1.004659
1.753453
5.583876
1.532328
4.116476
2.587534
1.018539
2.107478
8.665140
1.404409
2.300349
1.230652
9.953205
1.090144
1.751659
1.504629
1.054629
4.480591
3.510052
1.848758
1.455575
2.258269
1.753714
1.862831
1.630536
7.894491
1.365155
2.362844
1.286884
1.051131
3.281699
1.406809
1.406341
1.171862
1.437176
1.296846
2.736652
1.116654
1.344251
5.045283
1.304210
1.152848
1.713863
1.492751
1.832856
1.381109
2.334790
5.040331
1.056463
1.855827
3.304152
1.087066
2.585646
1.479638
2.959272
1.585478
1.091247
2.124592
1.386201
1.786277
1.027969
1.511141
2.743466
1.432440
1.298925
1.007243
3.436708
2.073095
1.235050
3.054250
1.259643
1.311515
1.413793
1.377001
3.179367
1.301988
1.333191
1.062380
6.009890
3.050226
3.369961
1.321339
1.030382
4.939224
2.354243
1.080426
1.384843
5.752218
2.743765
1.036637
4.437465
1.097267
3.011299
1.534056
1.335426
1.353872
1.438372
3.786104
4.993232
1.292267
1.236847
1.368832
1.670069
1.165106
1.204082
3.594977
1.754305
1.384406
4.116989
1.129956
1.289852
1.068756
1.752822
4.401216
1.108947
2.498931
1.261254
3.184581
3.206417
9.383964
1.053621
4.307462
1.460289
1.657118
2.413917
1.131119
1.772619
3.312048
1.462903
3.788428
1.076073
1.629674
1.351581
1.407191
1.923904
8.063345
3.002186
1.323855
1.826037
1.139760
1.327996
3.326119
2.135052
1.622284
1.264404
1.849380
4.658529
2.192792
2.844029
1.160880
3.021636
1.591799
3.273121
4.673047
2.384992
2.272217
1.803033
1.106621
3.471284
1.241062
1.814464
2.555791
1.071843
1.395404
1.869481
4.625518
1.157392
1.043536
2.211811
1.818397
2.782562
1.914430
1.944891
7.339105
4.077908
1.186855
3.254911
1.255905
1.556466
4.534896
1.930386
2.216775
1.287130
1.542704
1.041358
1.788791
1.334570
1.685672
1.805510
3.760043
1.393704
1.331769
1.015031
1.056469
2.401695
2.726608
5.595507
1.752363
7.508061
1.160446
1.028250
1.283076
1.086658
1.117924
1.423895
1.049307
3.027763
1.643494
1.355191
1.587417
1.034910
2.308334
1.044071
1.172555
1.670577
3.537079
2.815939
4.522456
1.180286
1.899611
2.959532
6.168277
4.350059
3.797578
1.812640
1.041367
2.831209
1.789546
5.355312
1.368657
1.522121
2.174149
4.476839
1.719800
1.526650
2.814684
1.497833
1.007636
4.140877
1.089970
5.074243
1.434114
1.038809
1.493780
1.468359
1.577937
2.275778
1.544551
1.265508
1.737104
1.138111
1.323540
1.643012
2.405570
1.044791
1.027366
2.918151
1.153492
1.268404
1.278222
1.020049
1.129388
1.423277
1.404597
2.995762
1.835458
1.220165
2.380208
1.594842
1.734055
1.135024
1.000639
1.814275
2.020674
1.670140
2.236622
1.120147
1.083629
3.443044
1.156636
1.366117
1.183883
1.234300
1.272215
3.377053
1.140960
3.265677
3.996824
2.518355
1.025072
3.222657
2.850270
1.059510
1.601676
2.029916
2.508896
1.470526
1.043600
1.156960
1.206908
1.001961
4.541955
3.020364
1.432222
1.016387
1.019256
1.581711
1.031893
1.362454
1.346549
1.443424
1.985932
1.267275
1.048699
2.624329
1.409833
3.246584
4.410201
3.739006
1.242714
1.888636
6.074198
1.547955
1.080088
1.109811
1.078006
1.291012
1.041504
1.021117
1.740793
1.219554
1.044535
1.044213
1.645750
1.267683
5.332136
1.200017
1.055230
1.811189
1.573882
3.377192
1.328880
1.139353
2.199177
1.053484
2.522633
1.053627
1.038258
1.384187
1.372692
1.186323
2.906750
2.111656
2.867951
1.368156
1.595370
3.262404
1.508496
1.173071
1.704909
1.454743
1.199095
3.220546
3.394512
2.287889
1.742128
5.464422
1.087905
1.549362
1.364611
1.194023
1.652899
1.746735
2.649925
1.419260
8.067665
1.452776
1.112913
1.093644
2.334550
1.145359
2.882883
1.081233
2.144189
1.038268
1.917234
1.014830
1.024314
1.243296
1.437088
1.390403
2.540970
3.644920
2.325932
1.087508
1.086989
1.127519
1.460830
1.006592
1.172154
1.655586
1.484656
2.058690
1.107447
1.671112
2.320023
1.415440
1.387270
3.695415
2.071052
2.030119
2.010157
1.051970
1.091249
2.324774
1.495204
1.015504
5.637940
1.334484
1.486204
2.014480
1.986649
1.985935
1.283432
1.054032
1.255527
4.532805
1.392013
1.093119
2.659084
1.145816
1.245608
1.217546
1.130535
1.411104
3.295929
1.257191
1.394225
1.223000
1.560550
7.837218
2.644676
1.444217
4.093436
1.168238
2.206025
3.049326
1.421983
1.486727
2.217241
7.519442
1.086751
1.094958
1.035118
2.140049
1.005391
1.402067
1.776107
1.579271
2.888418
1.258501
1.872230
3.559835
2.632082
1.448142
1.635921
1.080088
1.111354
1.014068
3.849440
3.104699
1.185042
1.025623
1.282180
1.781975
2.126058
1.150981
1.435341
1.007582
1.603241
1.158451
1.129574
8.266363
1.749432
1.125338
1.241577
1.422421
1.142314
1.124369
1.530634
2.167834
1.200692
1.172057
3.119309
1.545594
1.474623
1.785503
1.271918
1.894794
1.624389
1.871921
1.153514
2.144463
1.081247
1.001723
2.359684
2.227936
2.614547
1.522348
2.536346
1.119815
1.797242
1.492025
2.028943
1.469379
2.017069
1.317690
1.656236
1.207666
1.280407
2.407465
1.676700
3.462032
1.598702
2.496838
2.543365
4.863445
1.938480
1.160407
1.319259
1.006043
1.109183
1.590338
5.247724
1.070211
1.810775
1.049781
2.613661
1.378836
1.239521
1.149622
1.556285
1.335687
2.039776
1.184432
1.901775
1.105840
1.063957
1.155519
1.108918
1.143052
4.524799
1.870171
2.079984
1.103763
5.306304
5.034775
1.642574
1.470369
1.578880
1.719918
1.228737
1.222176
1.575501
1.414575
5.529229
4.995406
1.311125
1.212498
1.417174
1.269724
1.206363
1.096586
2.406602
1.038911
3.291404
1.276232
4.553599
2.166607
1.865234
2.259896
1.076990
1.360971
1.618111
2.620043
1.378345
1.679886
1.779301
1.198593
1.645947
2.573870
2.549164
1.610682
1.369670
1.555157
1.911518
2.023486
1.106639
1.194933
2.314464
2.184181
1.135127
4.910268
2.319671
1.256882
3.397587
1.556953
1.082372
1.040857
2.756732
6.268946
1.068818
5.666557
1.128741
7.598896
1.243739
1.087675
1.924016
1.676413
2.811577
1.351061
1.023463
1.389546
7.443559
1.170416
1.050238
1.266951
1.401767
1.200613
4.202066
5.413312
3.007613
1.358686
4.851406
1.851339
3.549292
1.222608
1.285983
1.741560
1.213993
1.431027
1.300877
1.369805
1.068682
5.376724
2.343524
1.079064
1.102688
1.025521
2.905111
2.275815
1.842344
1.331285
3.365841
1.154973
1.198438
7.042582
1.153891
1.712384
1.452046
2.028138
3.542634
5.277565
1.289646
1.203607
1.081869
1.287361
2.052326
2.675025
4.268690
4.903128
1.208037
1.305637
1.262091
1.027243
2.910934
1.196307
1.868504
1.790951
1.520100
1.233609
2.015763
1.482050
1.336310
1.630364
1.997731
1.122979
1.462616
1.007132
1.016802
1.404509
3.239403
1.033630
1.064362
1.160751
1.603853
1.068259
1.856953
1.072225
2.485354
1.206004
1.240364
1.008040
1.177877
1.062671
1.491063
1.473708
1.713690
1.244382
2.782197
4.084160
1.048886
1.091840
1.072801
1.318207
1.254962
1.781568
1.151835
1.045220
1.036550
3.174791
2.197172
2.643225
1.081763
1.027234
1.839647
1.062399
1.365523
1.102724
2.538570
2.747475
2.603570
1.541340
1.025199
6.002209
1.724776
2.441101
1.210940
1.274564
1.245218
1.402720
3.963698
1.531143
1.230613
1.367794
1.169164
1.031540
3.611010
1.609822
1.732232
1.132680
1.405551
1.452374
1.022417
1.979529
1.148330
2.309448
1.927336
1.324217
1.243008
1.055487
1.469080
2.121196
4.870559
1.148723
6.089110
2.387391
3.002582
1.009273
1.924550
1.220150
1.577068
1.542617
1.254228
2.358082
3.080985
1.624028
2.930689
1.589174
1.444659
1.558574
1.037123
1.486968
1.030191
1.296672
1.447920
1.203971
1.045931
1.789353
2.527039
1.390059
3.077470
1.021853
2.403422
2.938960
1.077996
1.081622
1.019004
1.201671
1.300716
1.166524
1.397258
1.740186
1.267497
1.223530
3.029883
9.858242
1.085754
1.020288
1.070816
4.017074
1.133600
4.736575
1.155632
1.148122
4.074393
1.567315
1.707801
1.196130
2.024562
5.550008
1.431826
2.906228
2.383892
1.497175
2.442879
1.177028
1.397666
1.136482
1.797588
1.657879
1.321699
2.216422
1.045296
2.921975
1.021394
1.426338
1.259936
1.860937
1.082829
2.816937
3.554437
3.974674
1.764635
3.835031
3.597133
3.526532
1.070454
5.388073
1.102574
2.266825
1.586291
2.779467
1.378970
3.194770
1.467142
1.356575
1.322243
2.476753
1.117430
2.076718
1.538048
3.861453
1.683261
1.685923
1.356780
2.999994
2.113677
4.697164
6.287830
1.052040
2.248041
1.922438
1.660307
1.141220
2.251039
4.586960
1.118003
6.417173
1.142926
1.757880
1.132673
1.234736
1.006684
1.698543
1.713068
1.052588
1.233338
1.554444
1.517131
1.054828
1.468097
3.986551
1.347511
1.290493
4.315414
2.790574
2.294432
1.012850
1.197990
1.693828
2.844275
2.035236
1.240913
1.319367
1.420553
1.003069
1.771136
1.840936
1.380173
3.255703
1.354118
1.439910
1.003269
2.406601
1.036163
1.834279
1.629422
1.441388
1.475173
1.015482
1.378416
1.374494
1.466596
4.467088
1.713169
2.453750
1.385667
1.464180
2.260103
2.800692
3.786126
5.901879
1.322048
1.187538
1.427431
1.001715
1.641140
1.935338
1.645226
1.361600
1.068858
3.010763
1.791688
5.376816
2.560904
2.845664
1.285838
1.715860
6.068986
1.001855
1.134546
4.341753
1.388584
6.067067
1.468001
5.108508
2.057485
7.387117
1.391717
2.438182
1.058389
1.173734
1.100412
1.598611
1.023737
1.084451
1.347408
1.038327
1.035228
1.286780
1.898993
1.778194
1.406222
3.852873
4.249561
1.888866
1.143328
1.058344
1.162580
1.201129
1.419015
1.296514
1.254212
1.591644
1.783525
1.163949
2.042212
3.697026
1.238685
1.479758
1.003774
2.543252
1.935999
3.105594
1.795182
1.043809
1.075667
2.245215
4.412240
1.144211
1.570098
1.050408
1.169707
1.774345
1.748346
1.135616
1.175224
1.068485
1.797881
1.267169
1.650110
3.368685
2.424440
1.222431
1.633510
2.305763
2.598409
1.134253
1.326443
5.021152
1.241040
1.231645
1.348466
1.084278
2.037788
1.582199
1.063663
1.915294
1.059459
1.349363
1.125289
1.293601
1.669265
1.386764
1.052066
1.290834
1.812823
1.097991
2.503261
2.121982
1.037789
1.245077
1.243514
2.242961
1.104162
1.029718
3.729007
1.857102
4.504620
1.551622
1.023931
3.831718
3.623600
2.118613
1.960535
1.409189
2.371584
2.190478
1.313857
1.263844
1.569558
1.607195
2.305461
2.794652
3.602837
4.269617
1.728771
1.263933
2.648275
1.972312
5.694900
2.459842
1.120944
2.188213
1.021833
1.220286
1.980218
1.457100
1.193755
1.040308
3.405751
1.480426
1.625053
2.435417
1.277648
4.792005
1.291258
1.434609
1.234239
1.346244
1.971356
1.384413
9.743675
1.155582
1.254709
3.203948
1.558514
1.629513
1.100803
1.603966
1.001641
1.865765
1.892787
5.388868
1.460830
1.006387
5.732544
1.284942
1.082527
1.347354
1.369347
2.019567
1.748046
1.200498
1.008445
1.654023
4.127943
1.443195
1.242932
4.888225
4.945792
3.838663
1.118700
2.074047
1.236734
1.984798
8.612065
1.079869
1.458537
2.840910
1.198161
1.385987
1.103534
1.240979
1.325881
2.200342
1.264685
2.096992
1.373675
2.874205
1.029603
1.078807
1.796110
1.967883
2.639424
1.368465
1.155184
1.054618
1.966962
1.353591
1.000344
5.360268
1.291658
4.669813
6.290602
2.725975
1.815775
1.501867
1.089723
2.434377
1.374476
1.194955
1.071827
1.028285
1.130739
1.288008
1.909769
1.936806
3.404070
1.405964
1.021044
2.657632
4.134292
1.156294
1.155510
8.804740
1.616574
2.433415
2.044725
3.156999
2.336718
5.832518
2.111884
2.295843
1.855114
3.907081
1.573250
1.707273
1.886999
1.212622
1.393119
2.211436
1.223632
1.457238
1.918177
3.049208
1.187316
2.003504
2.202903
1.718538
1.003860
1.007827
2.666924
2.933618
2.115229
1.105777
2.842424
1.102787
1.045027
1.672015
1.200916
4.060193
1.425037
1.310263
3.164179
1.222260
3.120288
7.082168
6.811164
1.502703
8.899047
1.042275
1.120589
2.438984
1.293971
1.828317
1.300525
1.893172
7.804398
2.680078
1.093045
1.208150
1.137652
2.130310
5.318260
2.251138
1.222651
9.239822
3.828632
1.059063
1.444333
1.078209
2.160776
1.746143
6.167811
2.629765
1.046462
5.343078
1.719584
1.020864
1.289596
1.680792
1.028734
1.040421
1.662967
1.905532
2.147581
1.107317
4.820267
3.281027
1.590108
1.050568
3.889295
1.052201
1.415086
1.637414
1.472740
1.001468
1.105694
1.096570
1.453774
1.329435
1.226478
1.027165
4.730602
1.007600
9.033689
1.855090
2.462078
1.246731
1.104058
4.823398
1.473548
8.406059
2.190309
2.255902
1.627464
1.345370
3.081486
1.276232
4.406620
1.801173
1.025060
1.668127
1.121490
1.379352
1.263311
2.471176
1.052632
1.249992
3.901223
1.457011
1.295545
1.070782
1.116822
2.057874
1.942110
1.179900
1.001419
3.689860
1.125416
2.722530
1.246213
1.335757
1.670731
8.575739
2.341348
1.337848
4.098615
1.141157
1.650928
5.591072
1.017646
1.470709
3.608717
1.082407
2.815896
3.086048
1.428073
3.364424
1.422636
1.574470
2.635059
1.288160
2.344979
1.820885
1.271047
1.147654
1.220583
1.339717
1.332790
1.000924
1.024819
1.903616
2.308103
1.284335
2.014936
2.257234
1.048396
2.571366
1.896209
7.790073
1.787728
3.774945
1.529667
1.009475
2.618509
2.683877
1.608184
1.767702
1.115771
3.946413
1.015178
2.471790
2.332322
1.168384
1.250462
3.798657
1.809136
1.368040
1.105870
2.113338
1.715582
1.057633
1.092635
2.172836
1.008986
1.309330
1.528738
1.950986
5.097850
6.225378
1.499241
1.311433
1.307702
3.096115
1.019180
1.802731
1.308067
2.120099
1.720634
1.054052
2.324033
1.089419
1.349096
3.527084
2.200229
3.828064
1.704947
2.154064
1.017645
1.432704
1.098355
1.210290
2.998531
1.205904
1.943372
1.502804
5.295899
2.398778
1.252759
1.006299
2.191601
1.485089
3.498717
2.596983
2.461151
2.378207
1.664517
5.020497
7.637911
1.869096
2.967208
1.141010
2.613721
1.628296
2.561094
1.246061
1.051764
1.356544
6.684597
1.817590
1.065718
1.339141
1.111642
2.605873
6.361279
1.059084
4.188919
1.476647
1.604565
2.631222
1.458256
6.634001
1.070886
1.453958
1.192846
3.216185
2.414781
1.961998
1.528328
5.825941
1.811982
1.140299
1.489853
3.076253
1.090216
1.072336
1.142786
7.518828
1.011805
3.269041
1.449261
1.047918
2.288681
1.141058
2.084302
1.079510
2.284329
3.207992
1.175767
1.614713
1.119167
3.630700
1.051671
1.206319
1.409898
1.739161
1.867123
1.043378
1.012778
1.438990
1.352546
1.189687
2.420436
3.243443
1.816262
1.282273
3.936454
1.831369
3.499350
1.565861
1.196133
2.255138
4.825020
1.236424
4.103534
5.198600
1.752935
1.910034
1.010711
1.113426
1.316617
1.606272
1.380084
2.849310
1.215519
3.184012
1.023001
1.024184
1.068305
1.880954
5.892802
1.672497
2.185937
1.961473
5.334202
1.045010
1.103525
1.074160
8.403335
1.341246
1.547319
1.673884
2.082643
1.172384
1.688521
1.998699
1.874830
6.131604
2.315817
1.020705
1.408523
1.384093
1.253294
4.776674
1.327090
1.202861
3.541796
1.015786
1.000061
1.728402
3.270439
1.285848
2.200969
1.730320
1.678629
1.908372
1.428599
1.514915
2.093957
5.918178
1.318094
2.903898
1.627369
1.923729
1.072859
1.830233
1.323772
1.622100
3.441085
3.603950
1.063425
1.278105
1.357885
1.198695
1.194703
4.011975
1.045437
1.072030
1.527669
1.010537
2.424406
1.128342
1.273515
1.363680
1.061303
2.985703
2.075568
2.012184
1.227814
3.663045
1.183218
4.258272
2.175516
1.015556
1.206749
1.392437
5.971666
1.575001
1.185639
1.158917
1.697838
2.086811
1.582975
1.557929
1.574519
1.157399
1.141108
1.880201
4.323299
1.074393
1.034181
1.265234
1.875642
1.324458
1.366900
1.713273
1.498524
1.675552
1.933348
1.751279
1.021502
1.069643
1.081743
1.847506
1.431136
1.534972
1.627918
3.486023
1.242739
1.009294
1.135064
2.393008
1.369608
2.494914
2.083587
1.106764
2.558433
2.047604
1.336126
1.167089
1.400935
4.565467
2.003836
1.188983
3.479610
4.173603
1.261083
1.339540
1.114536
1.418292
1.504722
5.347044
1.100481
5.019092
1.299939
2.216222
1.325117
3.566945
1.580547
1.398068
2.170148
5.068821
9.028844
1.077433
6.613786
1.448746
2.481412
2.104493
4.334198
1.362527
1.202130
3.508672
1.044389
1.965122
1.639052
3.376496
1.542473
1.014330
1.521871
1.449637
4.923911
1.338001
2.929441
1.264747
1.758132
2.547490
1.286760
1.326761
1.015051
1.736633
1.070774
7.379465
1.039866
1.447085
1.847116
1.193389
5.330994
2.656317
4.847550
2.063049
2.413984
1.336223
1.445994
1.299100
1.363319
2.431267
1.841705
2.342286
1.230123
2.599349
1.425562
7.361211
3.026152
4.185897
1.217978
1.038107
2.915029
1.797571
1.454957
1.431538
2.461971
9.400419
1.981420
1.078006
1.312432
1.602225
1.051068
1.390390
1.856618
1.195683
1.186586
1.250134
1.004004
2.267940
1.220886
1.118864
4.279409
1.288114
1.076140
8.512379
1.009232
1.780870
4.097536
1.330717
1.856962
1.109557
1.016019
3.039668
3.537590
1.356577
1.351129
3.351131
2.023729
1.184054
1.146069
6.892862
2.551610
1.967440
2.015232
1.043473
1.183262
2.030436
1.054667
2.499084
2.163223
3.237403
1.247422
1.543609
1.014070
5.251752
2.431386
5.661581
1.507726
1.025175
1.338717
2.857396
1.705663
1.825151
1.039507
6.616408
1.031390
1.217532
5.381148
1.483650
4.565102
1.473399
1.586810
1.049709
1.077160
1.046875
1.636001
2.212079
1.705698
3.210826
1.173948
3.450201
1.940092
1.173742
1.239048
8.571668
1.205128
7.342740
1.672925
2.693117
2.892797
1.288880
2.066982
1.496646
2.326292
1.212324
1.831208
5.626920
1.666051
1.075422
1.416202
2.214478
1.101367
1.049313
7.621069
3.956349
1.326584
2.402000
2.091110
1.212300
1.186130
1.652818
7.864247
3.389274
1.255527
4.625052
4.981137
1.974520
1.490393
1.017804
1.395473
1.402861
1.501736
3.746285
1.234825
1.365411
2.763297
1.502658
1.717310
2.341675
1.358575
1.773613
1.027466
1.218599
4.440051
2.403460
4.995045
1.133099
1.397417
1.347531
1.735941
1.686323
1.151668
1.009499
1.375981
4.166112
2.789373
1.293497
1.102288
3.682898
1.174033
1.334498
1.937995
2.642840
1.184844
1.964189
1.033090
1.105466
1.578091
1.007789
2.826305
1.080939
1.382217
1.762957
1.279297
1.118556
3.414268
2.596418
1.402678
1.424534
5.022707
1.001151
4.736601
1.168704
4.847418
1.836557
1.611050
1.254064
1.297248
1.226558
1.252862
1.637061
2.513418
1.188131
1.502319
1.368504
1.968012
1.399645
1.477331
1.189478
1.181511
2.057139
1.551611
4.952753
1.174164
1.917584
2.798701
5.027004
7.121213
1.632998
2.944089
1.077523
4.329471
1.185117
1.281799
1.213606
1.174306
1.084068
1.175411
1.304335
3.450149
1.756911
1.010878
1.362077
3.102344
1.840529
1.064491
1.071776
4.676352
1.716134
2.799283
1.067886
1.385768
1.846271
1.536136
4.017280
1.309302
1.078353
2.819308
1.571659
1.164495
1.370579
1.221834
1.084656
2.231183
1.134174
3.162917
1.419608
2.464213
1.090870
2.885183
1.321746
1.295227
2.470848
1.142249
5.235234
4.660195
1.904785
2.868065
1.789896
1.054267
1.983427
1.675238
1.391922
1.072195
1.081396
1.150827
1.815988
2.209551
1.586877
1.847226
3.221120
2.008311
2.019812
2.066914
1.133398
1.064263
1.002193
4.613994
1.984634
1.174411
5.570060
1.762240
2.656896
1.198103
1.431890
1.565207
2.113511
1.220202
1.294201
2.430026
1.079485
1.146077
1.091674
1.903103
1.046189
1.798455
2.410647
2.395818
1.891259
3.453842
4.724477
2.265794
1.028863
1.134274
2.414623
1.155969
1.257844
9.709510
1.142289
2.146129
1.660842
1.072363
2.586968
1.966243
4.544886
1.707315
4.307630
1.686437
1.002202
1.126543
1.810510
1.567487
1.016174
2.241972
2.235774
1.162287
1.010403
1.330308
1.412352
1.749423
1.080235
1.269756
2.219326
1.368784
8.705055
1.060272
2.043215
1.221713
1.172958
1.794555
1.236603
1.965390
2.943750
1.585551
2.246925
2.787020
1.815926
1.328170
1.066270
1.841945
1.074688
1.480517
1.415523
1.275206
1.374238
1.443356
5.802414
1.066331
6.248057
1.656563
2.005283
3.283454
2.393073
1.736480
1.068623
1.937450
1.056754
1.175193
1.676347
1.308991
7.361126
2.879924
1.936768
2.044183
1.527444
7.894295
1.325632
1.568570
1.139991
2.067872
1.188301
1.321495
1.053892
1.062547
2.109397
2.281497
1.540011
1.248817
1.333744
1.063638
1.061043
1.003751
1.153079
2.525178
1.862419
1.229735
2.510002
1.304416
6.197371
3.696939
1.151299
1.211232
1.020620
1.260468
1.386599
1.134464
1.332159
8.009919
1.190455
2.127444
1.989535
1.108460
5.947613
1.244045
2.311239
1.377455
1.115914
2.226269
4.513880
1.056704
1.064552
1.455927
1.275467
1.062760
1.482303
2.983308
1.891772
1.741486
2.537961
1.214396
3.659646
2.559283
2.663159
1.349035
1.092380
1.371719
2.411634
1.788663
1.746615
1.012116
2.158538
1.057535
4.241989
1.289776
1.030944
1.583314
1.255613
1.149445
1.209406
1.620562
4.216655
1.383766
1.598923
1.657027
1.060746
1.291176
1.272376
1.120436
2.491751
1.257120
1.345044
2.624013
2.042538
1.269020
1.126411
1.042575
1.141833
1.144701
1.840165
1.016906
9.519690
5.133445
1.850508
1.191247
1.007718
9.708115
1.042990
4.762649
1.005541
1.218868
1.148072
7.164537
2.775431
1.175780
2.378408
1.112114
1.158579
1.495483
2.047383
1.394249
1.648059
1.734979
1.201019
1.808324
1.738838
1.594253
2.772527
1.286059
1.898333
1.098763
2.002044
1.013687
1.274599
2.575821
1.667864
1.214703
2.640092
4.455787
1.718375
4.103184
2.041946
2.254444
1.701144
1.661946
1.139872
1.496133
3.408052
1.208383
5.981529
1.465607
1.021262
1.126827
1.062408
1.795209
1.185013
1.638464
1.408695
1.254095
2.583984
1.432956
2.732983
1.437722
1.047380
1.225020
1.183782
1.655748
1.961049
3.917691
1.883272
1.353726
1.940818
2.900554
1.493709
2.486559
1.502551
1.699619
1.009790
2.529791
1.466773
2.096943
1.143684
2.143393
6.945232
1.803783
1.822749
1.103381
1.118910
2.865842
1.450632
1.123797
1.340047
1.569523
1.176986
1.999720
1.300437
1.469253
1.415424
1.180689
1.683406
1.749997
2.708476
1.134612
1.129453
2.031373
1.178416
1.406770
7.668087
1.511794
3.270409
1.238445
2.706275
1.430425
4.915480
1.231233
7.992475
2.265498
1.031132
1.034540
3.674061
1.324986
1.150970
1.185261
2.508037
1.163018
1.053115
1.323304
1.543023
3.382148
1.561558
1.797207
1.210367
1.043083
1.072133
2.422704
1.286716
2.352470
2.049851
1.069865
1.009426
1.634145
1.746894
2.851879
1.099367
1.057455
1.069341
1.519949
3.940330
3.818687
1.019163
1.150806
1.187434
2.008361
3.974187
1.144492
2.239046
1.748775
5.133947
3.075273
1.753839
1.424057
2.789895
1.350539
1.854027
3.276047
3.235634
3.155617
2.174253
1.267366
1.373130
1.388623
1.398218
1.391919
1.039789
1.887055
1.688515
1.869265
2.397501
1.692310
1.171774
3.750474
1.244947
1.289443
1.476387
6.127236
1.589051
1.438534
1.777135
3.455993
1.474446
3.196450
3.139303
1.647947
2.324370
1.144766
2.914237
1.138548
1.728130
1.038614
3.157732
2.864544
1.006903
1.119772
2.388978
1.596640
1.093993
1.001903
1.434663
3.199176
2.258623
2.624542
4.173888
1.578451
1.004615
1.478738
1.017277
1.214725
1.106984
1.171791
1.137460
1.051538
1.153987
1.276948
1.036351
1.074817
1.224669
2.188758
1.024292
2.264345
1.117225
1.877401
3.177006
4.511372
1.713780
3.929236
1.535333
2.374728
1.110685
1.911667
1.453357
1.069809
2.548874
2.694996
4.623711
1.136699
2.153068
1.168606
1.165812
2.608862
1.038108
3.313959
4.972207
1.469469
1.699010
2.742766
6.306458
5.359535
1.028290
1.236005
1.551908
1.603277
1.544665
1.261309
1.963825
1.252225
1.072380
1.101434
1.464339
1.275482
1.266441
1.034292
5.458630
5.827853
1.169743
1.181445
1.655067
1.859021
1.646625
3.315292
2.021870
4.206920
1.442654
1.970563
1.826836
2.663380
3.444663
1.083399
6.911251
1.798354
1.107818
1.026499
2.093678
2.831745
1.889071
1.230971
4.927011
3.351241
2.800788
1.056956
2.734594
2.934452
1.127044
1.251176
1.583854
2.370864
1.659044
4.267571
1.121321
1.063851
3.034902
1.118289
1.786213
1.948609
1.240038
1.045146
1.275521
3.300605
1.484746
1.667091
1.941619
2.677535
1.539500
2.481594
1.137539
1.700738
2.357713
2.199498
1.195708
1.928182
1.845068
2.231108
4.277349
4.139938
1.422674
4.348799
1.042295
1.896157
2.174788
1.265557
1.259394
2.169045
2.716049
1.468493
3.162207
1.361950
1.268355
1.806154
2.199445
1.035095
1.110565
1.182592
1.162266
1.934898
1.307535
1.835803
1.186443
3.217519
1.868775
1.055621
1.544045
3.291878
5.179704
1.702218
5.416997
1.193316
2.238240
2.600508
1.148815
1.974547
1.768742
1.996824
7.203799
1.152691
2.154715
1.582314
1.023220
1.412110
4.678468
2.304893
7.174415
2.038313
2.843647
1.511508
1.156124
1.086141
1.175173
1.159827
4.532340
1.091501
1.021308
1.258329
1.079146
4.160031
1.298138
1.313455
1.005304
1.139848
1.010748
1.060734
1.048135
2.380797
1.227950
1.009741
1.618057
1.341042
5.522380
1.474951
2.954468
1.151743
1.347515
1.361944
1.187910
2.300647
1.194142
1.615654
1.662381
1.329524
1.390535
1.234270
3.223968
1.929174
1.854524
1.847825
1.172252
1.216059
1.499789
1.594792
1.136140
1.091412
1.123447
1.697004
4.095729
6.824613
1.326626
1.252904
1.120079
2.466965
1.886727
2.792243
1.049581
1.114998
1.718396
1.032215
1.093077
4.545204
2.416407
1.284462
1.456813
1.281616
2.150869
2.622212
1.500970
2.032168
2.346759
1.079874
1.648903
3.542061
1.276082
2.739762
2.052138
7.446062
1.931561
1.852373
1.932727
1.510051
2.056154
1.226981
3.887346
1.349486
2.068899
1.743300
1.689894
1.266049
1.392144
1.852043
2.754252
3.121106
1.169795
1.106062
1.708786
6.071784
2.741654
1.914896
1.028421
1.483562
1.043669
3.001778
2.027675
2.870622
1.348174
1.577020
1.065230
1.625187
2.716895
1.216912
1.061031
2.224113
1.288001
1.647383
1.613208
1.277403
1.521434
1.474455
5.329447
1.136389
3.158870
1.538434
1.284936
1.024255
3.087098
1.041752
3.543037
1.374153
1.446935
1.051277
1.170025
1.156699
1.595924
1.309301
1.065639
1.820042
1.391138
1.123808
1.749432
1.126854
1.840676
4.484824
1.491639
6.737045
1.274840
1.154389
1.888022
2.136268
1.236627
1.010598
1.241147
4.031857
1.014691
1.680597
1.962373
1.252280
4.274874
1.159443
1.013122
1.071820
3.890427
1.043517
1.230083
1.134512
1.237061
2.006721
1.428764
1.186748
1.027269
1.471996
1.912917
3.530154
1.096085
1.387498
1.587025
3.006923
1.189398
3.481416
8.685989
3.302450
3.686772
1.062410
1.932931
1.545492
1.684010
3.344644
1.445318
1.295190
1.220183
1.018678
1.104509
1.067420
1.064555
1.576459
1.409364
2.079393
2.039521
1.083550
1.139792
6.421022
1.108227
1.232284
1.188885
1.175581
1.263019
1.633172
1.117749
7.301388
1.097459
2.699440
1.819412
2.268850
1.284616
1.751443
1.057866
1.406181
1.453258
1.059721
1.219740
1.014546
4.131993
1.514609
3.433509
3.550697
2.770643
1.533682
1.013238
1.008145
4.086737
1.040660
1.126956
1.766464
1.366812
1.610037
1.236013
1.851319
2.463595
1.448009
1.122166
1.808181
2.318194
1.804749
1.336944
1.605974
1.014897
2.213360
1.110239
2.170843
1.659266
1.650465
1.576930
1.312754
2.556786
1.741907
1.583077
1.306185
1.850343
1.278208
2.919488
1.760707
1.070965
1.127418
1.560674
1.036183
1.067828
1.084227
1.781096
1.252420
7.547330
2.571797
2.116355
1.928373
1.748255
1.768520
1.230770
2.843887
4.823181
1.311146
1.649431
2.792271
1.093336
1.291550
1.461575
1.604851
1.046274
1.724033
2.757041
1.799308
3.497236
1.071423
1.156580
1.349095
3.434263
2.529845
1.752786
2.071263
1.698751
1.008430
1.139061
1.171780
8.253875
4.613647
1.491367
1.338723
3.875338
3.071268
1.246232
1.938110
1.337733
1.474232
2.345276
1.620621
1.343887
1.414754
4.209251
1.075588
1.004659
1.760669
3.308790
1.149267
7.085994
2.219342
1.455908
1.080869
4.278188
1.529325
5.157659
1.084635
1.230467
1.095711
1.948171
1.094857
5.160066
1.114443
1.689200
1.438170
2.507357
1.433473
1.225719
1.135618
1.212304
1.255212
1.238448
3.106861
1.644543
1.211452
1.719001
1.082482
1.417220
2.821099
9.687447
1.178993
1.328549
5.314832
1.327290
2.811306
3.089902
1.408622
1.521568
2.027386
1.632729
2.532398
1.078425
1.360500
3.110957
2.700616
1.125924
1.868121
1.579948
1.451568
2.505625
3.905608
1.190621
1.542775
2.054442
4.224782
1.135140
1.154953
3.638964
1.832032
2.037523
1.316750
1.222243
1.710692
5.220063
1.810939
1.027131
1.064105
1.524363
1.066547
2.508806
1.172606
1.470267
1.538673
1.451064
1.806314
1.998402
1.214391
2.684308
1.510518
1.011579
1.094961
1.077708
3.930982
6.785211
3.360927
1.022492
1.593383
2.324941
8.857851
1.547104
2.030572
2.053002
2.165811
1.865343
1.282227
1.207764
4.070987
3.261646
1.462266
1.530837
1.614832
1.067029
1.445232
1.455867
2.110779
1.254009
1.592768
2.327311
1.500053
1.010304
3.102055
1.132166
1.813497
1.072622
1.432748
1.777588
2.019276
1.233344
1.773501
1.312207
1.669807
1.283081
1.142904
1.134341
1.016663
4.625328
1.067233
5.136334
3.592013
1.440735
1.895290
1.110542
2.455819
1.072699
1.079637
1.488084
2.783801
1.101443
1.867114
1.007318
2.666818
1.757728
1.163404
6.276899
1.153548
1.289734
1.490420
1.235250
4.259360
1.494692
1.109717
1.174206
1.341619
1.119236
1.188865
3.618405
1.231129
1.353368
1.231270
1.690968
2.978742
3.696651
4.173576
1.239198
1.239575
1.006132
1.428156
2.334857
1.109731
1.583767
1.023380
1.330951
1.831330
1.952070
1.199077
1.660105
2.143962
1.134646
2.826873
1.168652
1.016805
1.525426
2.310125
2.874281
1.140532
3.118211
2.973878
1.789985
1.840528
1.058316
1.766128
1.232697
1.827705
2.766745
1.622227
3.316140
2.532822
1.146215
2.019329
1.586091
1.123100
2.764581
1.073423
4.274016
1.827833
1.655255
1.008031
7.897234
2.646775
1.189183
1.203452
1.716069
1.353247
2.766239
1.549145
1.541471
1.145268
1.101539
1.766300
1.333661
1.030362
1.476454
1.847071
7.715707
1.021433
1.369030
4.000221
1.638200
1.405247
1.043761
7.797605
2.411160
1.185250
1.713546
1.275500
1.680094
1.052511
1.598189
1.891278
6.699462
5.465574
1.664962
1.141926
4.261021
1.849265
1.244034
1.688831
3.163076
1.957953
4.042438
1.438250
1.817128
1.371302
2.921932
5.587991
5.019633
1.747332
1.916919
1.400884
1.330688
1.208200
8.003983
1.366018
1.032079
3.437711
3.545683
1.262521
1.260902
2.276683
1.574888
1.246808
1.245606
1.196236
1.447958
1.908455
3.273863
4.532511
1.181895
1.212846
1.010167
1.331134
5.065561
1.607949
2.248665
2.627406
1.746909
4.227539
1.097048
1.272465
1.427927
1.255866
4.514806
1.899972
2.214203
1.119091
1.354649
4.248099
1.820161
1.064850
1.064116
2.251145
1.247074
1.227349
1.894999
1.825560
1.420442
2.707432
4.537823
1.366432
9.590428
1.497853
1.153796
3.105408
1.279119
1.993342
3.215498
2.650984
2.982356
1.014806
1.441473
1.306273
2.640782
1.572501
1.240718
1.377923
1.879175
1.388436
1.228059
2.157009
1.218984
1.024327
1.786525
1.667956
4.455747
1.659530
1.526539
2.791301
1.145373
1.055088
1.333367
1.283985
2.674541
3.061922
1.585659
1.828593
4.514256
1.266334
1.572950
1.040515
2.404104
2.777959
1.311206
1.304584
1.165746
1.860173
4.008986
1.940062
1.049165
1.699925
1.096994
1.140876
1.235462
1.127965
1.038895
1.544606
2.615940
2.435533
1.913906
5.957045
1.093133
1.061898
1.126056
1.140195
1.587900
1.005279
1.631303
3.383282
4.054878
1.206426
1.114232
1.364968
1.568908
1.021708
1.135095
1.315864
1.955102
1.028010
1.508478
1.036529
1.299235
1.165718
1.085130
2.545324
3.486850
1.188036
3.444644
1.066714
1.477527
1.115529
1.075851
2.282630
1.193103
1.119616
2.061495
1.098436
4.503684
4.740517
1.258045
5.056701
1.602401
1.529922
1.275574
1.805747
1.255265
1.038044
1.295341
1.285539
1.412287
3.456077
1.670472
1.088611
1.363940
1.152274
1.058316
1.712737
3.006189
1.010620
3.106658
1.185324
3.049782
1.114761
3.553810
1.169929
1.583068
1.221818
3.486537
3.529436
1.297891
9.078702
1.346767
1.100025
1.768656
1.089647
1.128499
1.292779
1.271466
1.134028
1.056656
1.000640
1.968464
1.720609
4.096558
1.815338
4.100471
1.801065
1.378244
1.362444
1.203976
1.111498
3.841865
1.029467
2.770970
1.114277
1.237056
1.730990
7.378591
4.029239
4.742665
1.453056
1.008850
3.514768
4.732876
1.179896
4.361640
1.568909
1.027058
1.282831
2.074439
4.632615
1.164460
2.540208
5.741143
1.121750
1.500264
1.005147
1.093788
2.277344
2.161239
1.304449
1.381353
1.704887
1.248176
2.572328
9.728685
3.608031
1.378331
1.380731
1.311829
1.707409
1.686103
1.934356
1.876220
1.518457
1.191151
1.390528
1.151515
1.163503
2.226760
1.953084
1.152306
1.997611
1.821467
2.109510
1.143143
1.864462
1.546191
2.073519
1.043845
4.669113
1.733619
1.270892
6.637447
3.773415
1.031627
7.336330
1.403967
2.804448
1.291587
5.669179
1.043648
1.307492
1.035563
1.299118
1.837514
6.947467
1.043513
1.136718
1.050241
1.369363
3.291600
1.724564
1.313995
1.085399
1.547191
1.441422
2.827225
3.889043
3.244797
1.499791
1.641094
1.261079
1.266841
2.953936
1.227930
2.139658
1.532927
1.225414
1.385313
1.345589
1.654385
1.752281
1.479680
1.202279
1.299356
3.050760
2.228372
1.283101
