160
0: 1, 38,
1: 0, 2, 24, 42,
2: 1, 3, 66, 46, 36, 56, 143,
3: 2, 4, 74,
4: 3, 5, 95, 140,
5: 4, 6, 99, 10, 41,
6: 5, 7, 50,
7: 6, 8, 41, 76, 26,
8: 7, 9, 45, 105, 92, 97, 150, 78,
9: 8, 10, 83,
10: 9, 11, 5,
11: 10, 12, 132,
12: 11, 13, 64, 100,
13: 12, 14, 68, 73,
14: 13, 15, 16, 78, 40,
15: 14, 16, 56, 34,
16: 15, 17, 14, 19,
17: 16, 18, 34, 145,
18: 17, 19, 103,
19: 18, 20, 16, 79,
20: 19, 21, 80,
21: 20, 22, 90, 87,
22: 21, 23, 61, 26,
23: 22, 24, 123, 121,
24: 23, 25, 1,
25: 24, 26, 100, 89,
26: 25, 27, 7, 22,
27: 26, 28, 52, 141, 122, 110,
28: 27, 29, 127,
29: 28, 30, 36, 134,
30: 29, 31, 109, 138,
31: 30, 32, 81,
32: 31, 33, 43, 110,
33: 32, 34, 108,
34: 33, 35, 15, 17,
35: 34, 36, 72,
36: 35, 37, 2, 29,
37: 36, 38, 49, 80, 84, 70, 131,
38: 37, 39, 0,
39: 38, 40, 122, 120, 112,
40: 39, 41, 14,
41: 40, 42, 5, 7,
42: 41, 43, 1,
43: 42, 44, 32,
44: 43, 45, 144, 154, 127,
45: 44, 46, 8,
46: 45, 47, 2,
47: 46, 48, 104, 147,
48: 47, 49, 69,
49: 48, 50, 37,
50: 49, 51, 6,
51: 50, 52, 58,
52: 51, 53, 27, 113, 153,
53: 52, 54, 125,
54: 53, 55, 59,
55: 54, 56, 66, 116, 105,
56: 55, 57, 2, 15,
57: 56, 58, 106, 131, 126,
58: 57, 59, 51,
59: 58, 60, 54, 142, 91, 128, 136,
60: 59, 61, 141, 111,
61: 60, 62, 22, 125,
62: 61, 63, 85,
63: 62, 64, 117, 112,
64: 63, 65, 12,
65: 64, 66, 115,
66: 65, 67, 2, 55,
67: 66, 68, 81, 77, 97,
68: 67, 69, 13, 116,
69: 68, 70, 48,
70: 69, 71, 37,
71: 70, 72, 139, 75, 101, 98,
72: 71, 73, 35, 150,
73: 72, 74, 13,
74: 73, 75, 3,
75: 74, 76, 71, 101, 118,
76: 75, 77, 7,
77: 76, 78, 67,
78: 77, 79, 8, 14,
79: 78, 80, 19, 133, 150, 114, 118,
80: 79, 81, 20, 37,
81: 80, 82, 31, 67,
82: 81, 83, 125, 85,
83: 82, 84, 9, 85,
84: 83, 85, 37, 90, 136, 124, 137, 140,
85: 84, 86, 62, 82, 83, 118, 140,
86: 85, 87, 104, 96, 114,
87: 86, 88, 21,
88: 87, 89, 129, 133,
89: 88, 90, 25, 131, 155,
90: 89, 91, 21, 84,
91: 90, 92, 59,
92: 91, 93, 8,
93: 92, 94, 108,
94: 93, 95, 102,
95: 94, 96, 4,
96: 95, 97, 86,
97: 96, 98, 8, 67,
98: 97, 99, 71,
99: 98, 100, 5,
100: 99, 101, 12, 25,
101: 100, 102, 71, 75,
102: 101, 103, 94, 130,
103: 102, 104, 18,
104: 103, 105, 47, 86,
105: 104, 106, 8, 55,
106: 105, 107, 57,
107: 106, 108, 125, 136,
108: 107, 109, 33, 93,
109: 108, 110, 30, 155,
110: 109, 111, 27, 32,
111: 110, 112, 60, 140, 147,
112: 111, 113, 39, 63,
113: 112, 114, 52, 152,
114: 113, 115, 79, 86,
115: 114, 116, 65,
116: 115, 117, 55, 68,
117: 116, 118, 63,
118: 117, 119, 75, 79, 85, 128,
119: 118, 120, 142, 151, 133,
120: 119, 121, 39, 151,
121: 120, 122, 23,
122: 121, 123, 27, 39,
123: 122, 124, 23,
124: 123, 125, 84,
125: 124, 126, 53, 61, 82, 107,
126: 125, 127, 57, 149,
127: 126, 128, 28, 44,
128: 127, 129, 59, 118,
129: 128, 130, 88, 148, 135, 137, 154,
130: 129, 131, 102,
131: 130, 132, 37, 57, 89,
132: 131, 133, 11,
133: 132, 134, 79, 88, 119,
134: 133, 135, 29,
135: 134, 136, 129, 137,
136: 135, 137, 59, 84, 107,
137: 136, 138, 84, 129, 135, 146,
138: 137, 139, 30,
139: 138, 140, 71,
140: 139, 141, 4, 84, 85, 111,
141: 140, 142, 27, 60,
142: 141, 143, 59, 119,
143: 142, 144, 2,
144: 143, 145, 44,
145: 144, 146, 17,
146: 145, 147, 137,
147: 146, 148, 47, 111,
148: 147, 149, 129,
149: 148, 150, 126, 151, 153,
150: 149, 151, 8, 72, 79,
151: 150, 152, 119, 120, 149,
152: 151, 153, 113, 156,
153: 152, 154, 52, 149, 157, 158, 159,
154: 153, 155, 44, 129,
155: 154, 89, 109,
156: 152,
157: 153,
158: 153,
159: 153,
