165
0: 1, 84,
1: 0, 2, 148,
2: 1, 3, 101, 88, 94,
3: 2, 4, 56, 33,
4: 3, 5, 124,
5: 4, 6, 39, 47,
6: 5, 7, 61,
7: 6, 8, 125, 126,
8: 7, 9, 92, 71,
9: 8, 10, 60, 122, 112, 115, 137,
10: 9, 11, 15,
11: 10, 12, 135,
12: 11, 13, 66, 108,
13: 12, 14, 31, 38, 119, 36, 51, 96,
14: 13, 15, 32, 120,
15: 14, 16, 10, 133,
16: 15, 17, 40, 148,
17: 16, 18, 45,
18: 17, 19, 62,
19: 18, 20, 22,
20: 19, 21, 118, 105,
21: 20, 22, 137,
22: 21, 23, 19,
23: 22, 24, 42,
24: 23, 25, 156,
25: 24, 26, 134, 90,
26: 25, 27, 97, 151, 54,
27: 26, 28, 142, 99, 75, 106,
28: 27, 29, 85,
29: 28, 30, 37,
30: 29, 31, 154, 84,
31: 30, 32, 13,
32: 31, 33, 14, 147,
33: 32, 34, 3, 123,
34: 33, 35, 147,
35: 34, 36, 65, 47,
36: 35, 37, 13, 62, 103, 65, 43,
37: 36, 38, 29, 141, 43, 123,
38: 37, 39, 13,
39: 38, 40, 5, 130,
40: 39, 41, 16, 121,
41: 40, 42, 107,
42: 41, 43, 23, 89,
43: 42, 44, 36, 37, 127,
44: 43, 45, 51,
45: 44, 46, 17, 59, 157, 98, 144, 139,
46: 45, 47, 159,
47: 46, 48, 5, 35, 134, 59, 51,
48: 47, 49, 50,
49: 48, 50, 143, 75,
50: 49, 51, 48, 155,
51: 50, 52, 13, 44, 47, 69,
52: 51, 53, 89,
53: 52, 54, 90, 87,
54: 53, 55, 26,
55: 54, 56, 76,
56: 55, 57, 3, 91, 80,
57: 56, 58, 114,
58: 57, 59, 92,
59: 58, 60, 45, 47, 79, 78,
60: 59, 61, 9, 70,
61: 60, 62, 6,
62: 61, 63, 18, 36, 100,
63: 62, 64, 72,
64: 63, 65, 136, 157,
65: 64, 66, 35, 36, 135, 124,
66: 65, 67, 12,
67: 66, 68, 85,
68: 67, 69, 73,
69: 68, 70, 51, 82, 154, 140,
70: 69, 71, 60, 78, 131,
71: 70, 72, 8,
72: 71, 73, 63,
73: 72, 74, 68,
74: 73, 75, 104, 128,
75: 74, 76, 27, 49,
76: 75, 77, 55,
77: 76, 78, 132, 115,
78: 77, 79, 59, 70,
79: 78, 80, 59,
80: 79, 81, 56, 149,
81: 80, 82, 107, 128,
82: 81, 83, 69,
83: 82, 84, 136, 113,
84: 83, 85, 0, 30, 111,
85: 84, 86, 28, 67, 131,
86: 85, 87, 104,
87: 86, 88, 53, 138,
88: 87, 89, 2,
89: 88, 90, 42, 52, 154, 91,
90: 89, 91, 25, 53,
91: 90, 92, 56, 89, 134,
92: 91, 93, 8, 58, 102,
93: 92, 94, 153, 139,
94: 93, 95, 2,
95: 94, 96, 152, 116,
96: 95, 97, 13,
97: 96, 98, 26, 141,
98: 97, 99, 45,
99: 98, 100, 27,
100: 99, 101, 62,
101: 100, 102, 2,
102: 101, 103, 92,
103: 102, 104, 36,
104: 103, 105, 74, 86, 150,
105: 104, 106, 20,
106: 105, 107, 27,
107: 106, 108, 41, 81,
108: 107, 109, 12,
109: 108, 110, 145,
110: 109, 111, 129, 158,
111: 110, 112, 84,
112: 111, 113, 9,
113: 112, 114, 83,
114: 113, 115, 57,
115: 114, 116, 9, 77,
116: 115, 117, 95, 127,
117: 116, 118, 149,
118: 117, 119, 20,
119: 118, 120, 13,
120: 119, 121, 14,
121: 120, 122, 40,
122: 121, 123, 9,
123: 122, 124, 33, 37,
124: 123, 125, 4, 65,
125: 124, 126, 7,
126: 125, 127, 7,
127: 126, 128, 43, 116,
128: 127, 129, 74, 81,
129: 128, 130, 110, 151,
130: 129, 131, 39, 158, 144, 151,
131: 130, 132, 70, 85,
132: 131, 133, 77,
133: 132, 134, 15,
134: 133, 135, 25, 47, 91,
135: 134, 136, 11, 65,
136: 135, 137, 64, 83,
137: 136, 138, 9, 21,
138: 137, 139, 87,
139: 138, 140, 45, 93,
140: 139, 141, 69,
141: 140, 142, 37, 97,
142: 141, 143, 27,
143: 142, 144, 49,
144: 143, 145, 45, 130,
145: 144, 146, 109,
146: 145, 147, 155, 160,
147: 146, 148, 32, 34,
148: 147, 149, 1, 16,
149: 148, 150, 80, 117,
150: 149, 151, 104,
151: 150, 152, 26, 129, 130,
152: 151, 153, 95,
153: 152, 154, 93,
154: 153, 155, 30, 69, 89,
155: 154, 156, 50, 146,
156: 155, 157, 24,
157: 156, 158, 45, 64,
158: 157, 159, 110, 130, 161, 162, 163,
159: 158, 46, 164,
160: 146,
161: 158,
162: 158,
163: 158,
164: 159,
