166
0: 1, 101,
1: 0, 2, 41, 85,
2: 1, 3, 119,
3: 2, 4, 147,
4: 3, 5, 123, 98,
5: 4, 6, 45, 156,
6: 5, 7, 157,
7: 6, 8, 29, 121,
8: 7, 9, 65, 100, 112,
9: 8, 10, 124,
10: 9, 11, 60,
11: 10, 12, 21, 107,
12: 11, 13, 34, 96, 98,
13: 12, 14, 140,
14: 13, 15, 57, 138,
15: 14, 16, 161, 154,
16: 15, 17, 164, 46, 156,
17: 16, 18, 66,
18: 17, 19, 83, 143, 150, 20,
19: 18, 20, 32,
20: 19, 21, 18, 114, 73, 72,
21: 20, 22, 11,
22: 21, 23, 47, 52, 155, 99,
23: 22, 24, 80,
24: 23, 25, 80, 108,
25: 24, 26, 86,
26: 25, 27, 95, 36,
27: 26, 28, 128,
28: 27, 29, 160,
29: 28, 30, 7,
30: 29, 31, 117, 158,
31: 30, 32, 50,
32: 31, 33, 19,
33: 32, 34, 53,
34: 33, 35, 12, 116,
35: 34, 36, 110,
36: 35, 37, 26, 126,
37: 36, 38, 59, 79, 68, 129, 55,
38: 37, 39, 142,
39: 38, 40, 66,
40: 39, 41, 122, 152,
41: 40, 42, 1, 82,
42: 41, 43, 103,
43: 42, 44, 75, 49,
44: 43, 45, 111, 90,
45: 44, 46, 5, 94,
46: 45, 47, 16, 147,
47: 46, 48, 22,
48: 47, 49, 81,
49: 48, 50, 43,
50: 49, 51, 31, 102, 89, 80,
51: 50, 52, 162,
52: 51, 53, 22, 145,
53: 52, 54, 33,
54: 53, 55, 81,
55: 54, 56, 37, 151,
56: 55, 57, 117, 127,
57: 56, 58, 14,
58: 57, 59, 92, 121,
59: 58, 60, 37, 159,
60: 59, 61, 10, 109, 63, 127, 163,
61: 60, 62, 142,
62: 61, 63, 85,
63: 62, 64, 60,
64: 63, 65, 125,
65: 64, 66, 8,
66: 65, 67, 17, 39,
67: 66, 68, 78,
68: 67, 69, 37,
69: 68, 70, 149, 94,
70: 69, 71, 99, 110,
71: 70, 72, 117,
72: 71, 73, 20,
73: 72, 74, 20, 131,
74: 73, 75, 141,
75: 74, 76, 43, 139,
76: 75, 77, 87,
77: 76, 78, 95, 116,
78: 77, 79, 67,
79: 78, 80, 37,
80: 79, 81, 23, 24, 50,
81: 80, 82, 48, 54,
82: 81, 83, 41, 109,
83: 82, 84, 18,
84: 83, 85, 113, 94, 134, 115, 153,
85: 84, 86, 1, 62, 96,
86: 85, 87, 25,
87: 86, 88, 76,
88: 87, 89, 153,
89: 88, 90, 50,
90: 89, 91, 44,
91: 90, 92, 102, 93, 104, 163,
92: 91, 93, 58,
93: 92, 94, 91, 134,
94: 93, 95, 45, 69, 84,
95: 94, 96, 26, 77, 151,
96: 95, 97, 12, 85,
97: 96, 98, 115, 125, 136, 118, 142, 143,
98: 97, 99, 4, 12,
99: 98, 100, 22, 70,
100: 99, 101, 8,
101: 100, 102, 0,
102: 101, 103, 50, 91,
103: 102, 104, 42,
104: 103, 105, 91, 106,
105: 104, 106, 163,
106: 105, 107, 104,
107: 106, 108, 11,
108: 107, 109, 24,
109: 108, 110, 60, 82, 160,
110: 109, 111, 35, 70,
111: 110, 112, 44,
112: 111, 113, 8,
113: 112, 114, 84, 128,
114: 113, 115, 20,
115: 114, 116, 84, 97,
116: 115, 117, 34, 77,
117: 116, 118, 30, 56, 71,
118: 117, 119, 97, 128,
119: 118, 120, 2, 137, 135,
120: 119, 121, 163, 146, 139,
121: 120, 122, 7, 58,
122: 121, 123, 40,
123: 122, 124, 4,
124: 123, 125, 9,
125: 124, 126, 64, 97,
126: 125, 127, 36,
127: 126, 128, 56, 60,
128: 127, 129, 27, 113, 118,
129: 128, 130, 37,
130: 129, 131, 136,
131: 130, 132, 73,
132: 131, 133, 134, 148,
133: 132, 134, 139, 162,
134: 133, 135, 84, 93, 132, 163,
135: 134, 136, 119,
136: 135, 137, 97, 130,
137: 136, 138, 119,
138: 137, 139, 14,
139: 138, 140, 75, 120, 133, 144,
140: 139, 141, 13,
141: 140, 142, 74,
142: 141, 143, 38, 61, 97,
143: 142, 144, 18, 97,
144: 143, 145, 139,
145: 144, 146, 52,
146: 145, 147, 120,
147: 146, 148, 3, 46,
148: 147, 149, 132,
149: 148, 150, 69,
150: 149, 151, 18,
151: 150, 152, 55, 95,
152: 151, 153, 40,
153: 152, 154, 84, 88,
154: 153, 155, 15,
155: 154, 156, 22,
156: 155, 157, 5, 16,
157: 156, 158, 6,
158: 157, 159, 30,
159: 158, 160, 59,
160: 159, 161, 28, 109,
161: 160, 162, 15,
162: 161, 163, 51, 133,
163: 162, 164, 60, 91, 105, 120, 134, 165,
164: 163, 16,
165: 163,
