156
0: 1, 148,
1: 0, 2, 49,
2: 1, 3, 112,
3: 2, 4, 143,
4: 3, 5, 24, 45,
5: 4, 6, 136,
6: 5, 7, 14,
7: 6, 8, 136, 137,
8: 7, 9, 14, 121, 57, 83, 108,
9: 8, 10, 75, 29,
10: 9, 11, 13,
11: 10, 12, 44,
12: 11, 13, 80, 26,
13: 12, 14, 10,
14: 13, 15, 6, 8, 120,
15: 14, 16, 51,
16: 15, 17, 19,
17: 16, 18, 28, 122,
18: 17, 19, 45, 69,
19: 18, 20, 16,
20: 19, 21, 123,
21: 20, 22, 59,
22: 21, 23, 140,
23: 22, 24, 115,
24: 23, 25, 4, 33,
25: 24, 26, 105, 37, 33,
26: 25, 27, 12, 43,
27: 26, 28, 71, 122,
28: 27, 29, 17, 147, 79,
29: 28, 30, 9,
30: 29, 31, 151,
31: 30, 32, 100, 41,
32: 31, 33, 103,
33: 32, 34, 24, 25,
34: 33, 35, 98, 76, 70,
35: 34, 36, 48, 43,
36: 35, 37, 138, 74, 114, 56,
37: 36, 38, 25,
38: 37, 39, 54, 72,
39: 38, 40, 71, 93, 52,
40: 39, 41, 114, 150,
41: 40, 42, 31,
42: 41, 43, 75,
43: 42, 44, 26, 35, 72,
44: 43, 45, 11,
45: 44, 46, 4, 18,
46: 45, 47, 129, 62,
47: 46, 48, 98, 93,
48: 47, 49, 35, 64,
49: 48, 50, 1,
50: 49, 51, 118, 139,
51: 50, 52, 15,
52: 51, 53, 39, 139,
53: 52, 54, 85,
54: 53, 55, 38,
55: 54, 56, 89, 131,
56: 55, 57, 36, 88,
57: 56, 58, 8, 105,
58: 57, 59, 87, 77,
59: 58, 60, 21, 133, 96,
60: 59, 61, 130, 109,
61: 60, 62, 132,
62: 61, 63, 46,
63: 62, 64, 127, 86, 109,
64: 63, 65, 48,
65: 64, 66, 120, 107,
66: 65, 67, 142,
67: 66, 68, 110,
68: 67, 69, 145,
69: 68, 70, 18,
70: 69, 71, 34,
71: 70, 72, 27, 39,
72: 71, 73, 38, 43, 142,
73: 72, 74, 135,
74: 73, 75, 36,
75: 74, 76, 9, 42, 119, 144, 93, 85,
76: 75, 77, 34, 116, 141,
77: 76, 78, 58, 83, 84, 124, 133,
78: 77, 79, 92, 114,
79: 78, 80, 28,
80: 79, 81, 12,
81: 80, 82, 151,
82: 81, 83, 95,
83: 82, 84, 8, 77,
84: 83, 85, 77,
85: 84, 86, 53, 75,
86: 85, 87, 63, 107, 111,
87: 86, 88, 58, 134, 101,
88: 87, 89, 56,
89: 88, 90, 55,
90: 89, 91, 133,
91: 90, 92, 137, 102, 104, 99,
92: 91, 93, 78,
93: 92, 94, 39, 47, 75,
94: 93, 95, 121, 109, 97,
95: 94, 96, 82,
96: 95, 97, 59,
97: 96, 98, 94, 107,
98: 97, 99, 34, 47,
99: 98, 100, 91, 149, 121,
100: 99, 101, 31,
101: 100, 102, 87,
102: 101, 103, 91,
103: 102, 104, 32,
104: 103, 105, 91,
105: 104, 106, 25, 57,
106: 105, 107, 125,
107: 106, 108, 65, 86, 97,
108: 107, 109, 8,
109: 108, 110, 60, 63, 94,
110: 109, 111, 67,
111: 110, 112, 86, 146,
112: 111, 113, 2,
113: 112, 114, 121, 118,
114: 113, 115, 36, 40, 78,
115: 114, 116, 23,
116: 115, 117, 76,
117: 116, 118, 126,
118: 117, 119, 50, 113,
119: 118, 120, 75,
120: 119, 121, 14, 65,
121: 120, 122, 8, 94, 99, 113,
122: 121, 123, 17, 27,
123: 122, 124, 20,
124: 123, 125, 77,
125: 124, 126, 106,
126: 125, 127, 117,
127: 126, 128, 63,
128: 127, 129, 144,
129: 128, 130, 46,
130: 129, 131, 60,
131: 130, 132, 55,
132: 131, 133, 61,
133: 132, 134, 59, 77, 90,
134: 133, 135, 87, 145,
135: 134, 136, 73, 141,
136: 135, 137, 5, 7,
137: 136, 138, 7, 91,
138: 137, 139, 36,
139: 138, 140, 50, 52,
140: 139, 141, 22,
141: 140, 142, 76, 135,
142: 141, 143, 66, 72,
143: 142, 144, 3,
144: 143, 145, 75, 128,
145: 144, 146, 68, 134, 152, 153,
146: 145, 147, 111, 154, 155,
147: 146, 148, 28,
148: 147, 149, 0,
149: 148, 150, 99,
150: 149, 151, 40,
151: 150, 30, 81,
152: 145,
153: 145,
154: 146,
155: 146,
