152
0: 1, 9,
1: 0, 2, 94, 61, 70, 38,
2: 1, 3, 113, 115, 60,
3: 2, 4, 99, 87,
4: 3, 5, 45,
5: 4, 6, 102,
6: 5, 7, 117,
7: 6, 8, 136,
8: 7, 9, 19,
9: 8, 10, 0, 89,
10: 9, 11, 73,
11: 10, 12, 128,
12: 11, 13, 127,
13: 12, 14, 57, 61,
14: 13, 15, 84, 59,
15: 14, 16, 80,
16: 15, 17, 116, 76, 45,
17: 16, 18, 83,
18: 17, 19, 29,
19: 18, 20, 8,
20: 19, 21, 79, 51, 60,
21: 20, 22, 103, 108, 69,
22: 21, 23, 131,
23: 22, 24, 26,
24: 23, 25, 41,
25: 24, 26, 32, 101, 39, 124,
26: 25, 27, 23,
27: 26, 28, 66,
28: 27, 29, 52, 94, 77,
29: 28, 30, 18,
30: 29, 31, 137, 130,
31: 30, 32, 68, 145,
32: 31, 33, 25, 103, 50,
33: 32, 34, 71,
34: 33, 35, 65, 53, 92, 63,
35: 34, 36, 54, 127,
36: 35, 37, 72,
37: 36, 38, 93, 43,
38: 37, 39, 1,
39: 38, 40, 25,
40: 39, 41, 141, 123,
41: 40, 42, 24,
42: 41, 43, 76, 101,
43: 42, 44, 37,
44: 43, 45, 64,
45: 44, 46, 4, 16,
46: 45, 47, 94,
47: 46, 48, 115,
48: 47, 49, 123, 147, 114,
49: 48, 50, 90, 124, 137,
50: 49, 51, 32,
51: 50, 52, 20, 85,
52: 51, 53, 28,
53: 52, 54, 34, 55,
54: 53, 55, 35, 97,
55: 54, 56, 53,
56: 55, 57, 74, 123, 143,
57: 56, 58, 13, 139,
58: 57, 59, 146, 123,
59: 58, 60, 14,
60: 59, 61, 2, 20, 140, 107,
61: 60, 62, 1, 13,
62: 61, 63, 112,
63: 62, 64, 34, 75,
64: 63, 65, 44,
65: 64, 66, 34,
66: 65, 67, 27,
67: 66, 68, 119, 106, 118,
68: 67, 69, 31,
69: 68, 70, 21,
70: 69, 71, 1,
71: 70, 72, 33,
72: 71, 73, 36,
73: 72, 74, 10,
74: 73, 75, 56,
75: 74, 76, 63,
76: 75, 77, 16, 42,
77: 76, 78, 28, 148, 90,
78: 77, 79, 105, 100,
79: 78, 80, 20,
80: 79, 81, 15, 142,
81: 80, 82, 126, 121,
82: 81, 83, 98,
83: 82, 84, 17, 131, 123,
84: 83, 85, 14, 106, 139, 138,
85: 84, 86, 51, 109, 137,
86: 85, 87, 95, 141,
87: 86, 88, 3,
88: 87, 89, 104,
89: 88, 90, 9,
90: 89, 91, 49, 77, 149,
91: 90, 92, 144, 123,
92: 91, 93, 34,
93: 92, 94, 37,
94: 93, 95, 1, 28, 46,
95: 94, 96, 86, 118, 125, 122, 100,
96: 95, 97, 104, 101,
97: 96, 98, 54,
98: 97, 99, 82, 141,
99: 98, 100, 3,
100: 99, 101, 78, 95,
101: 100, 102, 25, 42, 96,
102: 101, 103, 5,
103: 102, 104, 21, 32,
104: 103, 105, 88, 96,
105: 104, 106, 78,
106: 105, 107, 67, 84,
107: 106, 108, 60,
108: 107, 109, 21,
109: 108, 110, 85, 149, 148,
110: 109, 111, 125, 135,
111: 110, 112, 120, 146, 132, 129,
112: 111, 113, 62,
113: 112, 114, 2,
114: 113, 115, 48,
115: 114, 116, 2, 47,
116: 115, 117, 16,
117: 116, 118, 6, 132, 126,
118: 117, 119, 67, 95,
119: 118, 120, 67, 144, 134, 126,
120: 119, 121, 111, 129,
121: 120, 122, 81,
122: 121, 123, 95,
123: 122, 124, 40, 48, 56, 58, 83, 91,
124: 123, 125, 25, 49,
125: 124, 126, 95, 110,
126: 125, 127, 81, 117, 119, 133, 144, 150,
127: 126, 128, 12, 35,
128: 127, 129, 11,
129: 128, 130, 111, 120,
130: 129, 131, 30,
131: 130, 132, 22, 83,
132: 131, 133, 111, 117,
133: 132, 134, 126, 151,
134: 133, 135, 119,
135: 134, 136, 110,
136: 135, 137, 7,
137: 136, 138, 30, 49, 85,
138: 137, 139, 84,
139: 138, 140, 57, 84,
140: 139, 141, 60,
141: 140, 142, 40, 86, 98,
142: 141, 143, 80,
143: 142, 144, 56,
144: 143, 145, 91, 119, 126,
145: 144, 146, 31,
146: 145, 147, 58, 111,
147: 146, 148, 48,
148: 147, 149, 77, 109,
149: 148, 90, 109,
150: 126,
151: 133,
