155
0: 1, 25,
1: 0, 2, 26, 14,
2: 1, 3, 76,
3: 2, 4, 11, 39,
4: 3, 5, 20,
5: 4, 6, 30,
6: 5, 7, 22,
7: 6, 8, 15,
8: 7, 9, 131,
9: 8, 10, 70,
10: 9, 11, 63, 27, 54, 67,
11: 10, 12, 3,
12: 11, 13, 136, 65,
13: 12, 14, 124, 87,
14: 13, 15, 1,
15: 14, 16, 7, 116,
16: 15, 17, 89,
17: 16, 18, 54,
18: 17, 19, 44,
19: 18, 20, 134,
20: 19, 21, 4,
21: 20, 22, 32, 47, 139,
22: 21, 23, 6, 40, 114,
23: 22, 24, 152, 96,
24: 23, 25, 127,
25: 24, 26, 0,
26: 25, 27, 1, 107, 129, 127,
27: 26, 28, 10, 128, 70,
28: 27, 29, 49,
29: 28, 30, 113, 63,
30: 29, 31, 5,
31: 30, 32, 50,
32: 31, 33, 21, 108, 73,
33: 32, 34, 152, 82,
34: 33, 35, 111, 45, 115,
35: 34, 36, 88,
36: 35, 37, 39, 121,
37: 36, 38, 113,
38: 37, 39, 130,
39: 38, 40, 3, 36, 138,
40: 39, 41, 22, 96, 83,
41: 40, 42, 133,
42: 41, 43, 44,
43: 42, 44, 107, 124,
44: 43, 45, 18, 42, 146,
45: 44, 46, 34, 151,
46: 45, 47, 106, 72, 147,
47: 46, 48, 21,
48: 47, 49, 68, 149,
49: 48, 50, 28,
50: 49, 51, 31,
51: 50, 52, 132, 104, 114,
52: 51, 53, 101, 73, 112,
53: 52, 54, 69,
54: 53, 55, 10, 17,
55: 54, 56, 140,
56: 55, 57, 137,
57: 56, 58, 84,
58: 57, 59, 109, 92, 71, 93,
59: 58, 60, 150, 103, 85,
60: 59, 61, 99,
61: 60, 62, 97,
62: 61, 63, 123,
63: 62, 64, 10, 29,
64: 63, 65, 141,
65: 64, 66, 12,
66: 65, 67, 122,
67: 66, 68, 10, 115,
68: 67, 69, 48,
69: 68, 70, 53,
70: 69, 71, 9, 27,
71: 70, 72, 58,
72: 71, 73, 46,
73: 72, 74, 32, 52, 150,
74: 73, 75, 120, 77,
75: 74, 76, 125,
76: 75, 77, 2,
77: 76, 78, 74,
78: 77, 79, 147,
79: 78, 80, 142, 95,
80: 79, 81, 145,
81: 80, 82, 152,
82: 81, 83, 33, 125,
83: 82, 84, 40,
84: 83, 85, 57,
85: 84, 86, 59,
86: 85, 87, 131, 117,
87: 86, 88, 13,
88: 87, 89, 35,
89: 88, 90, 16,
90: 89, 91, 146,
91: 90, 92, 98,
92: 91, 93, 58, 110,
93: 92, 94, 58,
94: 93, 95, 110, 150,
95: 94, 96, 79, 147, 102,
96: 95, 97, 23, 40,
97: 96, 98, 61, 148, 105,
98: 97, 99, 91, 113,
99: 98, 100, 60,
100: 99, 101, 128, 149,
101: 100, 102, 52,
102: 101, 103, 95, 118, 109, 147,
103: 102, 104, 59,
104: 103, 105, 51,
105: 104, 106, 97,
106: 105, 107, 46,
107: 106, 108, 26, 43,
108: 107, 109, 32,
109: 108, 110, 58, 102,
110: 109, 111, 92, 94,
111: 110, 112, 34, 120, 122, 144,
112: 111, 113, 52,
113: 112, 114, 29, 37, 98, 135,
114: 113, 115, 22, 51,
115: 114, 116, 34, 67,
116: 115, 117, 15,
117: 116, 118, 86,
118: 117, 119, 102, 143, 120,
119: 118, 120, 145, 135,
120: 119, 121, 74, 111, 118,
121: 120, 122, 36,
122: 121, 123, 66, 111,
123: 122, 124, 62,
124: 123, 125, 13, 43,
125: 124, 126, 75, 82,
126: 125, 127, 135, 128,
127: 126, 128, 24, 26,
128: 127, 129, 27, 100, 126,
129: 128, 130, 26,
130: 129, 131, 38,
131: 130, 132, 8, 86,
132: 131, 133, 51,
133: 132, 134, 41,
134: 133, 135, 19,
135: 134, 136, 113, 119, 126,
136: 135, 137, 12,
137: 136, 138, 56,
138: 137, 139, 39,
139: 138, 140, 21,
140: 139, 141, 55,
141: 140, 142, 64,
142: 141, 143, 79,
143: 142, 144, 118, 153, 145,
144: 143, 145, 111, 154,
145: 144, 146, 80, 119, 143,
146: 145, 147, 44, 90,
147: 146, 148, 46, 78, 95, 102,
148: 147, 149, 97,
149: 148, 150, 48, 100,
150: 149, 151, 59, 73, 94,
151: 150, 152, 45,
152: 151, 23, 33, 81,
153: 143,
154: 144,
