151
0: 1, 9,
1: 0, 2, 94, 61, 70,
2: 1, 3, 38, 113,
3: 2, 4, 115, 60,
4: 3, 5, 99,
5: 4, 6, 87,
6: 5, 7, 45,
7: 6, 8, 102,
8: 7, 9, 117,
9: 8, 10, 0, 136,
10: 9, 11, 19,
11: 10, 12, 89,
12: 11, 13, 73,
13: 12, 14, 128, 127,
14: 13, 15, 57, 61,
15: 14, 16, 84,
16: 15, 17, 59, 80, 116,
17: 16, 18, 76,
18: 17, 19, 45,
19: 18, 20, 10,
20: 19, 21, 83, 29, 79,
21: 20, 22, 51, 60,
22: 21, 23, 103,
23: 22, 24, 108,
24: 23, 25, 69,
25: 24, 26, 131, 41, 32,
26: 25, 27, 101,
27: 26, 28, 39,
28: 27, 29, 124, 66,
29: 28, 30, 20,
30: 29, 31, 52, 94,
31: 30, 32, 77, 137,
32: 31, 33, 25, 130, 68,
33: 32, 34, 145,
34: 33, 35, 103, 50, 71,
35: 34, 36, 65, 53,
36: 35, 37, 92,
37: 36, 38, 63, 54,
38: 37, 39, 2,
39: 38, 40, 27,
40: 39, 41, 127, 72,
41: 40, 42, 25,
42: 41, 43, 93, 141,
43: 42, 44, 123,
44: 43, 45, 76,
45: 44, 46, 6, 18,
46: 45, 47, 101,
47: 46, 48, 64,
48: 47, 49, 115, 123,
49: 48, 50, 147, 114,
50: 49, 51, 34,
51: 50, 52, 21, 90,
52: 51, 53, 30,
53: 52, 54, 35, 124,
54: 53, 55, 37, 137,
55: 54, 56, 85,
56: 55, 57, 97, 74, 123,
57: 56, 58, 14, 143,
58: 57, 59, 139, 146,
59: 58, 60, 16,
60: 59, 61, 3, 21, 123,
61: 60, 62, 1, 14,
62: 61, 63, 140,
63: 62, 64, 37,
64: 63, 65, 47,
65: 64, 66, 35,
66: 65, 67, 28,
67: 66, 68, 107, 112, 75,
68: 67, 69, 32,
69: 68, 70, 24,
70: 69, 71, 1,
71: 70, 72, 34,
72: 71, 73, 40,
73: 72, 74, 12,
74: 73, 75, 56,
75: 74, 76, 67,
76: 75, 77, 17, 44,
77: 76, 78, 31, 119,
78: 77, 79, 106, 118,
79: 78, 80, 20,
80: 79, 81, 16, 148,
81: 80, 82, 90, 105,
82: 81, 83, 100,
83: 82, 84, 20, 142, 126,
84: 83, 85, 15, 121, 98,
85: 84, 86, 55, 131, 106,
86: 85, 87, 139,
87: 86, 88, 5,
88: 87, 89, 138,
89: 88, 90, 11,
90: 89, 91, 51, 81, 109,
91: 90, 92, 137, 95,
92: 91, 93, 36,
93: 92, 94, 42,
94: 93, 95, 1, 30,
95: 94, 96, 91, 141, 104,
96: 95, 97, 149, 144,
97: 96, 98, 56,
98: 97, 99, 84, 118,
99: 98, 100, 4,
100: 99, 101, 82, 125,
101: 100, 102, 26, 46,
102: 101, 103, 7,
103: 102, 104, 22, 34,
104: 103, 105, 95, 122,
105: 104, 106, 81,
106: 105, 107, 78, 85,
107: 106, 108, 67,
108: 107, 109, 23,
109: 108, 110, 90, 141, 149,
110: 109, 111, 148, 125,
111: 110, 112, 135, 120, 146,
112: 111, 113, 67,
113: 112, 114, 2,
114: 113, 115, 49,
115: 114, 116, 3, 48,
116: 115, 117, 16,
117: 116, 118, 8, 132, 129,
118: 117, 119, 78, 98,
119: 118, 120, 77, 132, 126,
120: 119, 121, 111, 144,
121: 120, 122, 84,
122: 121, 123, 104,
123: 122, 124, 43, 48, 56, 60,
124: 123, 125, 28, 53,
125: 124, 126, 100, 110,
126: 125, 127, 83, 119, 134, 129,
127: 126, 128, 13, 40,
128: 127, 129, 13,
129: 128, 130, 117, 126,
130: 129, 131, 32,
131: 130, 132, 25, 85,
132: 131, 133, 117, 119,
133: 132, 134, 144, 150,
134: 133, 135, 126,
135: 134, 136, 111,
136: 135, 137, 9,
137: 136, 138, 31, 54, 91,
138: 137, 139, 88,
139: 138, 140, 58, 86,
140: 139, 141, 62,
141: 140, 142, 42, 95, 109,
142: 141, 143, 83,
143: 142, 144, 57,
144: 143, 145, 96, 120, 133,
145: 144, 146, 33,
146: 145, 147, 58, 111,
147: 146, 148, 49,
148: 147, 149, 80, 110,
149: 148, 96, 109,
150: 133,
