156
0: 1, 64,
1: 0, 2, 114,
2: 1, 3, 127, 51,
3: 2, 4, 29,
4: 3, 5, 60, 32,
5: 4, 6, 80,
6: 5, 7, 139,
7: 6, 8, 40, 65,
8: 7, 9, 85, 21,
9: 8, 10, 90, 105,
10: 9, 11, 110, 113,
11: 10, 12, 99, 123,
12: 11, 13, 151,
13: 12, 14, 93,
14: 13, 15, 111,
15: 14, 16, 81,
16: 15, 17, 147, 64, 117, 68,
17: 16, 18, 89,
18: 17, 19, 137,
19: 18, 20, 82,
20: 19, 21, 131, 95, 141,
21: 20, 22, 8,
22: 21, 23, 148,
23: 22, 24, 138, 150,
24: 23, 25, 105,
25: 24, 26, 31,
26: 25, 27, 51,
27: 26, 28, 79, 153, 132,
28: 27, 29, 133,
29: 28, 30, 3,
30: 29, 31, 112, 61, 152,
31: 30, 32, 25,
32: 31, 33, 4, 91,
33: 32, 34, 68,
34: 33, 35, 71,
35: 34, 36, 63, 42, 129,
36: 35, 37, 43,
37: 36, 38, 124, 110,
38: 37, 39, 92, 52, 86,
39: 38, 40, 82, 150, 57,
40: 39, 41, 7, 56, 98,
41: 40, 42, 154,
42: 41, 43, 35,
43: 42, 44, 36,
44: 43, 45, 107, 109,
45: 44, 46, 47,
46: 45, 47, 140,
47: 46, 48, 45,
48: 47, 49, 145,
49: 48, 50, 75, 121,
50: 49, 51, 87,
51: 50, 52, 2, 26,
52: 51, 53, 38,
53: 52, 54, 63, 116,
54: 53, 55, 144, 116, 150,
55: 54, 56, 77, 84, 142, 71,
56: 55, 57, 40, 89,
57: 56, 58, 39, 72,
58: 57, 59, 114, 123, 71,
59: 58, 60, 61, 135, 101,
60: 59, 61, 4,
61: 60, 62, 30, 59,
62: 61, 63, 96, 103,
63: 62, 64, 35, 53, 102,
64: 63, 65, 0, 16,
65: 64, 66, 7,
66: 65, 67, 101, 90, 104,
67: 66, 68, 97,
68: 67, 69, 16, 33,
69: 68, 70, 132,
70: 69, 71, 125,
71: 70, 72, 34, 55, 58,
72: 71, 73, 57,
73: 72, 74, 120, 117,
74: 73, 75, 102, 118,
75: 74, 76, 49, 118, 111,
76: 75, 77, 125,
77: 76, 78, 55, 118,
78: 77, 79, 80, 94, 106,
79: 78, 80, 27,
80: 79, 81, 5, 78,
81: 80, 82, 15,
82: 81, 83, 19, 39,
83: 82, 84, 133, 134,
84: 83, 85, 55,
85: 84, 86, 8, 95,
86: 85, 87, 38,
87: 86, 88, 50,
88: 87, 89, 149,
89: 88, 90, 17, 56, 98,
90: 89, 91, 9, 66, 122,
91: 90, 92, 32, 108, 112,
92: 91, 93, 38,
93: 92, 94, 13,
94: 93, 95, 78,
95: 94, 96, 20, 85,
96: 95, 97, 62,
97: 96, 98, 67, 130,
98: 97, 99, 40, 89, 104, 117,
99: 98, 100, 11, 143,
100: 99, 101, 151,
101: 100, 102, 59, 66, 146, 119,
102: 101, 103, 63, 74,
103: 102, 104, 62,
104: 103, 105, 66, 98,
105: 104, 106, 9, 24,
106: 105, 107, 78, 126,
107: 106, 108, 44,
108: 107, 109, 91,
109: 108, 110, 44,
110: 109, 111, 10, 37,
111: 110, 112, 14, 75,
112: 111, 113, 30, 91,
113: 112, 114, 10,
114: 113, 115, 1, 58,
115: 114, 116, 152, 134,
116: 115, 117, 53, 54,
117: 116, 118, 16, 73, 98,
118: 117, 119, 74, 75, 77,
119: 118, 120, 101,
120: 119, 121, 73,
121: 120, 122, 49,
122: 121, 123, 90,
123: 122, 124, 11, 58,
124: 123, 125, 37,
125: 124, 126, 70, 76, 136, 128,
126: 125, 127, 106,
127: 126, 128, 2,
128: 127, 129, 125,
129: 128, 130, 35,
130: 129, 131, 97,
131: 130, 132, 20,
132: 131, 133, 27, 69,
133: 132, 134, 28, 83,
134: 133, 135, 83, 115, 136, 145,
135: 134, 136, 59,
136: 135, 137, 125, 134,
137: 136, 138, 18,
138: 137, 139, 23,
139: 138, 140, 6,
140: 139, 141, 46,
141: 140, 142, 20,
142: 141, 143, 55,
143: 142, 144, 99, 146,
144: 143, 145, 54,
145: 144, 146, 48, 134,
146: 145, 147, 101, 143, 155,
147: 146, 148, 16,
148: 147, 149, 22,
149: 148, 150, 88,
150: 149, 151, 23, 39, 54,
151: 150, 152, 12, 100,
152: 151, 153, 30, 115,
153: 152, 154, 27,
154: 153, 41,
155: 146,
