155
0: 1, 131, 99,
1: 0, 2, 84,
2: 1, 3, 28,
3: 2, 4, 112,
4: 3, 5, 40,
5: 4, 6, 44,
6: 5, 7, 101, 33,
7: 6, 8, 107,
8: 7, 9, 33, 78,
9: 8, 10, 87,
10: 9, 11, 109, 80,
11: 10, 12, 74, 28,
12: 11, 13, 84,
13: 12, 14, 137,
14: 13, 15, 145, 58, 29,
15: 14, 16, 130,
16: 15, 17, 32, 54,
17: 16, 18, 91, 129,
18: 17, 19, 34, 138,
19: 18, 20, 125,
20: 19, 21, 95, 39,
21: 20, 22, 141,
22: 21, 23, 94,
23: 22, 24, 87,
24: 23, 25, 63,
25: 24, 26, 77,
26: 25, 27, 107, 122,
27: 26, 28, 29, 70, 135,
28: 27, 29, 2, 11, 146,
29: 28, 30, 14, 27,
30: 29, 31, 120,
31: 30, 32, 111,
32: 31, 33, 16, 34,
33: 32, 34, 6, 8, 132,
34: 33, 35, 18, 32,
35: 34, 36, 37,
36: 35, 37, 110,
37: 36, 38, 35, 116, 147,
38: 37, 39, 64, 76, 112,
39: 38, 40, 20, 141,
40: 39, 41, 4, 56, 135,
41: 40, 42, 103, 61, 78,
42: 41, 43, 74, 123, 75,
43: 42, 44, 134, 150,
44: 43, 45, 5,
45: 44, 46, 130,
46: 45, 47, 68, 79,
47: 46, 48, 91, 144, 108,
48: 47, 49, 152, 83,
49: 48, 50, 120, 126,
50: 49, 51, 61,
51: 50, 52, 88,
52: 51, 53, 85,
53: 52, 54, 105, 152,
54: 53, 55, 16,
55: 54, 56, 113,
56: 55, 57, 40,
57: 56, 58, 69,
58: 57, 59, 14, 115, 88,
59: 58, 60, 143,
60: 59, 61, 123,
61: 60, 62, 41, 50,
62: 61, 63, 93, 117, 106, 73,
63: 62, 64, 24,
64: 63, 65, 38, 111, 97,
65: 64, 66, 116,
66: 65, 67, 129,
67: 66, 68, 148,
68: 67, 69, 46, 136,
69: 68, 70, 57, 100,
70: 69, 71, 27,
71: 70, 72, 108,
72: 71, 73, 104, 90,
73: 72, 74, 62,
74: 73, 75, 11, 42,
75: 74, 76, 42,
76: 75, 77, 38,
77: 76, 78, 25,
78: 77, 79, 8, 41,
79: 78, 80, 46,
80: 79, 81, 10,
81: 80, 82, 92,
82: 81, 83, 102,
83: 82, 84, 48, 106, 88,
84: 83, 85, 1, 12,
85: 84, 86, 52,
86: 85, 87, 119,
87: 86, 88, 9, 23,
88: 87, 89, 51, 58, 83,
89: 88, 90, 149,
90: 89, 91, 72,
91: 90, 92, 17, 47, 114,
92: 91, 93, 81,
93: 92, 94, 62,
94: 93, 95, 22,
95: 94, 96, 20,
96: 95, 97, 121,
97: 96, 98, 64, 151,
98: 97, 99, 100,
99: 98, 100, 0,
100: 99, 101, 69, 98,
101: 100, 102, 6,
102: 101, 103, 82,
103: 102, 104, 41,
104: 103, 105, 72,
105: 104, 106, 53,
106: 105, 107, 62, 83,
107: 106, 108, 7, 26,
108: 107, 109, 47, 71,
109: 108, 110, 10,
110: 109, 111, 36,
111: 110, 112, 31, 64,
112: 111, 113, 3, 38,
113: 112, 114, 55, 128, 124,
114: 113, 115, 91, 123, 133,
115: 114, 116, 58,
116: 115, 117, 37, 65,
117: 116, 118, 62,
118: 117, 119, 142,
119: 118, 120, 86, 122, 139,
120: 119, 121, 30, 49,
121: 120, 122, 96,
122: 121, 123, 26, 119, 128,
123: 122, 124, 42, 60, 114,
124: 123, 125, 113,
125: 124, 126, 19, 154,
126: 125, 127, 49,
127: 126, 128, 140,
128: 127, 129, 113, 122, 153,
129: 128, 130, 17, 66,
130: 129, 131, 15, 45,
131: 130, 132, 0,
132: 131, 133, 33,
133: 132, 134, 114,
134: 133, 135, 43,
135: 134, 136, 27, 40,
136: 135, 137, 68,
137: 136, 138, 13,
138: 137, 139, 18,
139: 138, 140, 119, 154,
140: 139, 141, 127,
141: 140, 142, 21, 39,
142: 141, 143, 118,
143: 142, 144, 59,
144: 143, 145, 47,
145: 144, 146, 14,
146: 145, 147, 28,
147: 146, 148, 37,
148: 147, 149, 67,
149: 148, 150, 89,
150: 149, 151, 43,
151: 150, 152, 97,
152: 151, 153, 48, 53,
153: 152, 154, 128,
154: 153, 125, 139,
