153
0: 1, 142,
1: 0, 2, 64, 6, 45, 38,
2: 1, 3, 97, 18, 67,
3: 2, 4, 112,
4: 3, 5, 145, 82,
5: 4, 6, 48,
6: 5, 7, 1,
7: 6, 8, 111,
8: 7, 9, 128,
9: 8, 10, 97,
10: 9, 11, 104, 58,
11: 10, 12, 53,
12: 11, 13, 17,
13: 12, 14, 58, 104,
14: 13, 15, 129,
15: 14, 16, 120,
16: 15, 17, 91,
17: 16, 18, 12,
18: 17, 19, 2, 125,
19: 18, 20, 83, 74,
20: 19, 21, 134, 93,
21: 20, 22, 139,
22: 21, 23, 35, 81,
23: 22, 24, 122,
24: 23, 25, 87, 43,
25: 24, 26, 42,
26: 25, 27, 117,
27: 26, 28, 109,
28: 27, 29, 74,
29: 28, 30, 47,
30: 29, 31, 96, 56, 103,
31: 30, 32, 55, 86,
32: 31, 33, 98,
33: 32, 34, 124, 77,
34: 33, 35, 41, 43,
35: 34, 36, 22,
36: 35, 37, 110,
37: 36, 38, 73, 60,
38: 37, 39, 1,
39: 38, 40, 81, 50,
40: 39, 41, 65, 150, 121,
41: 40, 42, 34,
42: 41, 43, 25, 148, 92,
43: 42, 44, 24, 34,
44: 43, 45, 70, 50,
45: 44, 46, 1,
46: 45, 47, 100,
47: 46, 48, 29, 127, 124,
48: 47, 49, 5, 138,
49: 48, 50, 69, 126,
50: 49, 51, 39, 44, 118, 134,
51: 50, 52, 63,
52: 51, 53, 108, 123, 82, 127,
53: 52, 54, 11,
54: 53, 55, 96,
55: 54, 56, 31,
56: 55, 57, 30, 100,
57: 56, 58, 143,
58: 57, 59, 10, 13,
59: 58, 60, 76,
60: 59, 61, 37, 64,
61: 60, 62, 114, 113, 101,
62: 61, 63, 119, 120,
63: 62, 64, 51,
64: 63, 65, 1, 60,
65: 64, 66, 40,
66: 65, 67, 140,
67: 66, 68, 2,
68: 67, 69, 131,
69: 68, 70, 49,
70: 69, 71, 44, 72,
71: 70, 72, 95, 147,
72: 71, 73, 70, 111, 142,
73: 72, 74, 37, 135, 136,
74: 73, 75, 19, 28,
75: 74, 76, 107,
76: 75, 77, 59,
77: 76, 78, 33,
78: 77, 79, 80, 119,
79: 78, 80, 147,
80: 79, 81, 78,
81: 80, 82, 22, 39,
82: 81, 83, 4, 52,
83: 82, 84, 19,
84: 83, 85, 115, 146,
85: 84, 86, 99, 102,
86: 85, 87, 31,
87: 86, 88, 24,
88: 87, 89, 137, 113,
89: 88, 90, 149, 93, 130,
90: 89, 91, 132,
91: 90, 92, 16, 95, 108,
92: 91, 93, 42,
93: 92, 94, 20, 89, 111,
94: 93, 95, 109,
95: 94, 96, 71, 91,
96: 95, 97, 30, 54,
97: 96, 98, 2, 9,
98: 97, 99, 32,
99: 98, 100, 85,
100: 99, 101, 46, 56,
101: 100, 102, 61,
102: 101, 103, 85,
103: 102, 104, 30, 141, 144,
104: 103, 105, 10, 13,
105: 104, 106, 141, 149, 115,
106: 105, 107, 132,
107: 106, 108, 75,
108: 107, 109, 52, 91,
109: 108, 110, 27, 94,
110: 109, 111, 36, 130,
111: 110, 112, 7, 72, 93,
112: 111, 113, 3,
113: 112, 114, 61, 88,
114: 113, 115, 61,
115: 114, 116, 84, 105,
116: 115, 117, 133, 118,
117: 116, 118, 26,
118: 117, 119, 50, 116,
119: 118, 120, 62, 78,
120: 119, 121, 15, 62,
121: 120, 122, 40,
122: 121, 123, 23,
123: 122, 124, 52,
124: 123, 125, 33, 47,
125: 124, 126, 18, 137, 142, 146,
126: 125, 127, 49,
127: 126, 128, 47, 52,
128: 127, 129, 8,
129: 128, 130, 14,
130: 129, 131, 89, 110,
131: 130, 132, 68,
132: 131, 133, 90, 106,
133: 132, 134, 116,
134: 133, 135, 20, 50,
135: 134, 136, 73,
136: 135, 137, 73,
137: 136, 138, 88, 125,
138: 137, 139, 48,
139: 138, 140, 21,
140: 139, 141, 66,
141: 140, 142, 103, 105, 146,
142: 141, 143, 0, 72, 125, 145,
143: 142, 144, 57,
144: 143, 145, 103,
145: 144, 146, 4, 142,
146: 145, 147, 84, 125, 141,
147: 146, 148, 71, 79,
148: 147, 149, 42,
149: 148, 150, 89, 105, 151, 152,
150: 149, 40,
151: 149,
152: 149,
