104
0: 1, 68,
1: 0, 2, 100,
2: 1, 3, 6,
3: 2, 4, 100, 30, 32,
4: 3, 5, 42,
5: 4, 6, 75, 23,
6: 5, 7, 2,
7: 6, 8, 57, 15, 64,
8: 7, 9, 93,
9: 8, 10, 69, 65,
10: 9, 11, 20,
11: 10, 12, 28,
12: 11, 13, 21,
13: 12, 14, 16,
14: 13, 15, 76,
15: 14, 16, 7, 57, 91,
16: 15, 17, 13,
17: 16, 18, 95, 61, 38,
18: 17, 19, 45, 78,
19: 18, 20, 26,
20: 19, 21, 10, 52,
21: 20, 22, 12, 58,
22: 21, 23, 81,
23: 22, 24, 5, 35,
24: 23, 25, 41, 83,
25: 24, 26, 97,
26: 25, 27, 19,
27: 26, 28, 96,
28: 27, 29, 11,
29: 28, 30, 92, 50,
30: 29, 31, 3,
31: 30, 32, 84, 40, 49,
32: 31, 33, 3,
33: 32, 34, 85, 46, 95, 89,
34: 33, 35, 40,
35: 34, 36, 23, 83, 55,
36: 35, 37, 82,
37: 36, 38, 63, 66, 73,
38: 37, 39, 17, 83,
39: 38, 40, 56,
40: 39, 41, 31, 34, 79,
41: 40, 42, 24, 101, 72,
42: 41, 43, 4,
43: 42, 44, 53, 48,
44: 43, 45, 98, 100,
45: 44, 46, 18,
46: 45, 47, 33,
47: 46, 48, 96,
48: 47, 49, 43,
49: 48, 50, 31,
50: 49, 51, 29, 54,
51: 50, 52, 99, 75,
52: 51, 53, 20, 55,
53: 52, 54, 43,
54: 53, 55, 50, 86, 66, 70,
55: 54, 56, 35, 52, 87,
56: 55, 57, 39,
57: 56, 58, 7, 15,
58: 57, 59, 21,
59: 58, 60, 90,
60: 59, 61, 62,
61: 60, 62, 17,
62: 61, 63, 60,
63: 62, 64, 37, 94,
64: 63, 65, 7,
65: 64, 66, 9,
66: 65, 67, 37, 54,
67: 66, 68, 73,
68: 67, 69, 0,
69: 68, 70, 9,
70: 69, 71, 54,
71: 70, 72, 84, 86,
72: 71, 73, 41, 74,
73: 72, 74, 37, 67,
74: 73, 75, 72,
75: 74, 76, 5, 51,
76: 75, 77, 14,
77: 76, 78, 101, 93,
78: 77, 79, 18,
79: 78, 80, 40,
80: 79, 81, 87,
81: 80, 82, 22,
82: 81, 83, 36,
83: 82, 84, 24, 35, 38,
84: 83, 85, 31, 71,
85: 84, 86, 33,
86: 85, 87, 54, 71,
87: 86, 88, 55, 80,
88: 87, 89, 90,
89: 88, 90, 33,
90: 89, 91, 59, 88,
91: 90, 92, 15,
92: 91, 93, 29, 95,
93: 92, 94, 8, 77, 102,
94: 93, 95, 63,
95: 94, 96, 17, 33, 92,
96: 95, 97, 27, 47,
97: 96, 98, 25, 103,
98: 97, 99, 44,
99: 98, 100, 51,
100: 99, 101, 1, 3, 44,
101: 100, 41, 77,
102: 93,
103: 97,
