105
0: 1, 73,
1: 0, 2, 80, 32,
2: 1, 3, 93,
3: 2, 4, 58,
4: 3, 5, 51, 30, 27, 87,
5: 4, 6, 35, 66,
6: 5, 7, 69, 35,
7: 6, 8, 61,
8: 7, 9, 93,
9: 8, 10, 46,
10: 9, 11, 47,
11: 10, 12, 78,
12: 11, 13, 79,
13: 12, 14, 54,
14: 13, 15, 41,
15: 14, 16, 46, 33,
16: 15, 17, 37, 26,
17: 16, 18, 78,
18: 17, 19, 81, 96,
19: 18, 20, 95,
20: 19, 21, 102,
21: 20, 22, 83, 90,
22: 21, 23, 42,
23: 22, 24, 55, 50,
24: 23, 25, 74, 91, 82,
25: 24, 26, 98, 101, 33,
26: 25, 27, 16,
27: 26, 28, 4,
28: 27, 29, 91,
29: 28, 30, 59,
30: 29, 31, 4,
31: 30, 32, 43, 53,
32: 31, 33, 1,
33: 32, 34, 15, 25, 40,
34: 33, 35, 85, 71,
35: 34, 36, 5, 6,
36: 35, 37, 71,
37: 36, 38, 16,
38: 37, 39, 50, 68,
39: 38, 40, 94,
40: 39, 41, 33,
41: 40, 42, 14,
42: 41, 43, 22,
43: 42, 44, 31, 63, 76,
44: 43, 45, 47,
45: 44, 46, 59,
46: 45, 47, 9, 15,
47: 46, 48, 10, 44,
48: 47, 49, 100, 81,
49: 48, 50, 64, 84,
50: 49, 51, 23, 38,
51: 50, 52, 4, 88,
52: 51, 53, 60,
53: 52, 54, 31, 86, 68,
54: 53, 55, 13,
55: 54, 56, 23,
56: 55, 57, 103,
57: 56, 58, 67,
58: 57, 59, 3,
59: 58, 60, 29, 45,
60: 59, 61, 52,
61: 60, 62, 7,
62: 61, 63, 75,
63: 62, 64, 43,
64: 63, 65, 49,
65: 64, 66, 92,
66: 65, 67, 5,
67: 66, 68, 57,
68: 67, 69, 38, 53,
69: 68, 70, 6,
70: 69, 71, 90,
71: 70, 72, 34, 36,
72: 71, 73, 89, 92, 99,
73: 72, 74, 0,
74: 73, 75, 24,
75: 74, 76, 62, 81,
76: 75, 77, 43,
77: 76, 78, 85,
78: 77, 79, 11, 17,
79: 78, 80, 12,
80: 79, 81, 1,
81: 80, 82, 18, 48, 75,
82: 81, 83, 24,
83: 82, 84, 21,
84: 83, 85, 49,
85: 84, 86, 34, 77,
86: 85, 87, 53,
87: 86, 88, 4,
88: 87, 89, 51,
89: 88, 90, 72,
90: 89, 91, 21, 70, 96,
91: 90, 92, 24, 28,
92: 91, 93, 65, 72,
93: 92, 94, 2, 8,
94: 93, 95, 39,
95: 94, 96, 19,
96: 95, 97, 18, 90,
97: 96, 98, 99, 104,
98: 97, 99, 25,
99: 98, 100, 72, 97,
100: 99, 101, 48,
101: 100, 102, 25,
102: 101, 103, 20,
103: 102, 56,
104: 97,
