102
0: 1, 64,
1: 0, 2, 47, 68,
2: 1, 3, 54, 8,
3: 2, 4, 30, 31, 92,
4: 3, 5, 7,
5: 4, 6, 13, 96,
6: 5, 7, 77, 82,
7: 6, 8, 4, 37,
8: 7, 9, 2,
9: 8, 10, 79, 90,
10: 9, 11, 65,
11: 10, 12, 49, 46,
12: 11, 13, 19, 61, 94, 35,
13: 12, 14, 5, 47, 70,
14: 13, 15, 54, 88,
15: 14, 16, 39,
16: 15, 17, 34, 55,
17: 16, 18, 83,
18: 17, 19, 85,
19: 18, 20, 12,
20: 19, 21, 93,
21: 20, 22, 63,
22: 21, 23, 62,
23: 22, 24, 75, 48,
24: 23, 25, 86,
25: 24, 26, 99, 69,
26: 25, 27, 29,
27: 26, 28, 53,
28: 27, 29, 95,
29: 28, 30, 26,
30: 29, 31, 3,
31: 30, 32, 3, 33,
32: 31, 33, 72, 79,
33: 32, 34, 31,
34: 33, 35, 16,
35: 34, 36, 12,
36: 35, 37, 79,
37: 36, 38, 7,
38: 37, 39, 51,
39: 38, 40, 15,
40: 39, 41, 76,
41: 40, 42, 56,
42: 41, 43, 80,
43: 42, 44, 58, 56,
44: 43, 45, 98, 93, 73, 74,
45: 44, 46, 55,
46: 45, 47, 11,
47: 46, 48, 1, 13,
48: 47, 49, 23,
49: 48, 50, 11, 97,
50: 49, 51, 83,
51: 50, 52, 38,
52: 51, 53, 78, 100,
53: 52, 54, 27, 57,
54: 53, 55, 2, 14,
55: 54, 56, 16, 45, 91,
56: 55, 57, 41, 43,
57: 56, 58, 53, 81,
58: 57, 59, 43, 67, 80, 81,
59: 58, 60, 96,
60: 59, 61, 89,
61: 60, 62, 12,
62: 61, 63, 22,
63: 62, 64, 21,
64: 63, 65, 0,
65: 64, 66, 10,
66: 65, 67, 91,
67: 66, 68, 58, 86,
68: 67, 69, 1,
69: 68, 70, 25,
70: 69, 71, 13, 87,
71: 70, 72, 86, 80,
72: 71, 73, 32,
73: 72, 74, 44,
74: 73, 75, 44,
75: 74, 76, 23,
76: 75, 77, 40,
77: 76, 78, 6,
78: 77, 79, 52,
79: 78, 80, 9, 32, 36,
80: 79, 81, 42, 58, 71,
81: 80, 82, 57, 58,
82: 81, 83, 6, 84,
83: 82, 84, 17, 50,
84: 83, 85, 82,
85: 84, 86, 18,
86: 85, 87, 24, 67, 71,
87: 86, 88, 70,
88: 87, 89, 14,
89: 88, 90, 60,
90: 89, 91, 9,
91: 90, 92, 55, 66,
92: 91, 93, 3,
93: 92, 94, 20, 44,
94: 93, 95, 12,
95: 94, 96, 28,
96: 95, 97, 5, 59,
97: 96, 98, 49, 101,
98: 97, 99, 44,
99: 98, 100, 25,
100: 99, 52,
101: 97,
