101
0: 1, 54,
1: 0, 2, 83, 14, 71,
2: 1, 3, 77, 36,
3: 2, 4, 53, 37,
4: 3, 5, 26,
5: 4, 6, 87,
6: 5, 7, 76,
7: 6, 8, 91,
8: 7, 9, 13,
9: 8, 10, 29, 11,
10: 9, 11, 77,
11: 10, 12, 9,
12: 11, 13, 32,
13: 12, 14, 8, 67,
14: 13, 15, 1, 94,
15: 14, 16, 79,
16: 15, 17, 99, 56, 70,
17: 16, 18, 60,
18: 17, 19, 56,
19: 18, 20, 60,
20: 19, 21, 72, 74, 46,
21: 20, 22, 86, 89,
22: 21, 23, 48,
23: 22, 24, 44,
24: 23, 25, 59,
25: 24, 26, 57, 63, 62,
26: 25, 27, 4,
27: 26, 28, 41,
28: 27, 29, 75, 76,
29: 28, 30, 9,
30: 29, 31, 40, 66,
31: 30, 32, 58, 68,
32: 31, 33, 12, 78, 91,
33: 32, 34, 49,
34: 33, 35, 85, 84, 38,
35: 34, 36, 56, 39,
36: 35, 37, 2,
37: 36, 38, 3, 53,
38: 37, 39, 34,
39: 38, 40, 35,
40: 39, 41, 30, 50,
41: 40, 42, 27,
42: 41, 43, 58, 55,
43: 42, 44, 85,
44: 43, 45, 23,
45: 44, 46, 52, 69,
46: 45, 47, 20,
47: 46, 48, 85,
48: 47, 49, 22, 67,
49: 48, 50, 33, 82,
50: 49, 51, 40,
51: 50, 52, 96, 90,
52: 51, 53, 45,
53: 52, 54, 3, 37,
54: 53, 55, 0, 97,
55: 54, 56, 42,
56: 55, 57, 16, 18, 35,
57: 56, 58, 25, 61,
58: 57, 59, 31, 42,
59: 58, 60, 24,
60: 59, 61, 17, 19, 84,
61: 60, 62, 57, 94,
62: 61, 63, 25,
63: 62, 64, 25,
64: 63, 65, 67,
65: 64, 66, 98,
66: 65, 67, 30,
67: 66, 68, 13, 48, 64,
68: 67, 69, 31,
69: 68, 70, 45,
70: 69, 71, 16,
71: 70, 72, 1,
72: 71, 73, 20,
73: 72, 74, 83,
74: 73, 75, 20,
75: 74, 76, 28,
76: 75, 77, 6, 28,
77: 76, 78, 2, 10,
78: 77, 79, 32, 96,
79: 78, 80, 15,
80: 79, 81, 95, 92,
81: 80, 82, 93, 98,
82: 81, 83, 49,
83: 82, 84, 1, 73, 90,
84: 83, 85, 34, 60, 100,
85: 84, 86, 34, 43, 47,
86: 85, 87, 21,
87: 86, 88, 5,
88: 87, 89, 95,
89: 88, 90, 21,
90: 89, 91, 51, 83, 95,
91: 90, 92, 7, 32,
92: 91, 93, 80,
93: 92, 94, 81,
94: 93, 95, 14, 61,
95: 94, 96, 80, 88, 90,
96: 95, 97, 51, 78,
97: 96, 98, 54,
98: 97, 99, 65, 81,
99: 98, 16,
100: 84,
