108
0: 1, 57,
1: 0, 2, 21,
2: 1, 3, 20,
3: 2, 4, 5, 18, 79,
4: 3, 5, 25,
5: 4, 6, 3,
6: 5, 7, 15, 81,
7: 6, 8, 29,
8: 7, 9, 24,
9: 8, 10, 80,
10: 9, 11, 38, 16,
11: 10, 12, 33,
12: 11, 13, 48, 22, 85,
13: 12, 14, 28, 73,
14: 13, 15, 94, 57, 101,
15: 14, 16, 6,
16: 15, 17, 10,
17: 16, 18, 65,
18: 17, 19, 3,
19: 18, 20, 63, 102,
20: 19, 21, 2, 46,
21: 20, 22, 1, 76,
22: 21, 23, 12,
23: 22, 24, 69,
24: 23, 25, 8, 101, 34,
25: 24, 26, 4,
26: 25, 27, 66,
27: 26, 28, 76, 91,
28: 27, 29, 13, 99, 59,
29: 28, 30, 7,
30: 29, 31, 83,
31: 30, 32, 57,
32: 31, 33, 77, 68,
33: 32, 34, 11,
34: 33, 35, 24, 90,
35: 34, 36, 40,
36: 35, 37, 79,
37: 36, 38, 96,
38: 37, 39, 10,
39: 38, 40, 98,
40: 39, 41, 35,
41: 40, 42, 60, 89, 82, 98,
42: 41, 43, 52,
43: 42, 44, 89, 46,
44: 43, 45, 93, 85,
45: 44, 46, 60,
46: 45, 47, 20, 43,
47: 46, 48, 61,
48: 47, 49, 12,
49: 48, 50, 92,
50: 49, 51, 95,
51: 50, 52, 78,
52: 51, 53, 42, 104, 87,
53: 52, 54, 74, 88, 104,
54: 53, 55, 56, 83,
55: 54, 56, 77,
56: 55, 57, 54,
57: 56, 58, 0, 14, 31, 89,
58: 57, 59, 74, 100, 103,
59: 58, 60, 28,
60: 59, 61, 41, 45,
61: 60, 62, 47,
62: 61, 63, 72,
63: 62, 64, 19, 71, 77,
64: 63, 65, 94, 89,
65: 64, 66, 17, 71, 84,
66: 65, 67, 26,
67: 66, 68, 97, 71,
68: 67, 69, 32,
69: 68, 70, 23,
70: 69, 71, 82, 83, 104,
71: 70, 72, 63, 65, 67,
72: 71, 73, 62,
73: 72, 74, 13,
74: 73, 75, 53, 58,
75: 74, 76, 86, 90, 105,
76: 75, 77, 21, 27,
77: 76, 78, 32, 55, 63,
78: 77, 79, 51,
79: 78, 80, 3, 36,
80: 79, 81, 9,
81: 80, 82, 6,
82: 81, 83, 41, 70, 106,
83: 82, 84, 30, 54, 70,
84: 83, 85, 65,
85: 84, 86, 12, 44,
86: 85, 87, 75,
87: 86, 88, 52,
88: 87, 89, 53,
89: 88, 90, 41, 43, 57, 64,
90: 89, 91, 34, 75, 107,
91: 90, 92, 27,
92: 91, 93, 49,
93: 92, 94, 44,
94: 93, 95, 14, 64,
95: 94, 96, 50,
96: 95, 97, 37,
97: 96, 98, 67,
98: 97, 99, 39, 41,
99: 98, 100, 28,
100: 99, 101, 58,
101: 100, 102, 14, 24,
102: 101, 103, 19,
103: 102, 104, 58,
104: 103, 52, 53, 70,
105: 75,
106: 82,
107: 90,
