67
0: 1, 30,
1: 0, 2, 60, 49,
2: 1, 3, 48, 57, 14, 6, 53,
3: 2, 4, 34,
4: 3, 5, 34, 41, 7, 36, 44, 51, 62,
5: 4, 6, 52, 10, 25, 42, 18,
6: 5, 7, 2, 24,
7: 6, 8, 4,
8: 7, 9, 19,
9: 8, 10, 58,
10: 9, 11, 5, 33, 61, 35, 40, 32, 22, 54, 46,
11: 10, 12, 15, 55, 45,
12: 11, 13, 17,
13: 12, 14, 31,
14: 13, 15, 2,
15: 14, 16, 11, 30,
16: 15, 17, 51,
17: 16, 18, 12, 60,
18: 17, 19, 5, 27,
19: 18, 20, 8, 38, 23, 57,
20: 19, 21, 52, 60,
21: 20, 22, 32, 53, 57, 43, 47, 50, 39,
22: 21, 23, 10, 47,
23: 22, 24, 19,
24: 23, 25, 6, 53,
25: 24, 26, 5,
26: 25, 27, 29,
27: 26, 28, 18, 53, 57,
28: 27, 29, 41, 57, 47, 43,
29: 28, 30, 26,
30: 29, 31, 0, 15,
31: 30, 32, 13, 55,
32: 31, 33, 10, 21, 56, 37,
33: 32, 34, 10, 39,
34: 33, 35, 3, 4,
35: 34, 36, 10,
36: 35, 37, 4,
37: 36, 38, 32,
38: 37, 39, 19,
39: 38, 40, 21, 33, 59, 56, 57, 63, 64, 65,
40: 39, 41, 10,
41: 40, 42, 4, 28,
42: 41, 43, 5,
43: 42, 44, 21, 28, 57,
44: 43, 45, 4,
45: 44, 46, 11,
46: 45, 47, 10,
47: 46, 48, 21, 22, 28,
48: 47, 49, 2,
49: 48, 50, 1,
50: 49, 51, 21,
51: 50, 52, 4, 16,
52: 51, 53, 5, 20,
53: 52, 54, 2, 21, 24, 27,
54: 53, 55, 10,
55: 54, 56, 11, 31,
56: 55, 57, 32, 39,
57: 56, 58, 2, 19, 21, 27, 28, 39, 43, 66,
58: 57, 59, 9,
59: 58, 60, 39,
60: 59, 61, 1, 17, 20,
61: 60, 62, 10,
62: 61, 4,
63: 39,
64: 39,
65: 39,
66: 57,
