55
0: 1, 26, 40,
1: 0, 2, 23,
2: 1, 3, 50,
3: 2, 4, 16,
4: 3, 5, 34,
5: 4, 6, 52,
6: 5, 7, 20, 53,
7: 6, 8, 28, 47, 41, 38, 25, 11, 44, 53, 24,
8: 7, 9, 30,
9: 8, 10, 34,
10: 9, 11, 31,
11: 10, 12, 7, 45, 33, 13, 22, 28,
12: 11, 13, 18, 36, 15,
13: 12, 14, 11, 45, 35,
14: 13, 15, 25, 48,
15: 14, 16, 12, 42, 43,
16: 15, 17, 3,
17: 16, 18, 51,
18: 17, 19, 12, 34, 50,
19: 18, 20, 26,
20: 19, 21, 6, 44,
21: 20, 22, 31,
22: 21, 23, 11, 49,
23: 22, 24, 1, 37,
24: 23, 25, 7,
25: 24, 26, 7, 14, 30, 37,
26: 25, 27, 0, 19,
27: 26, 28, 32,
28: 27, 29, 7, 11,
29: 28, 30, 44,
30: 29, 31, 8, 25,
31: 30, 32, 10, 21, 52, 41, 39, 51, 33, 46,
32: 31, 33, 27, 34,
33: 32, 34, 11, 31,
34: 33, 35, 4, 9, 18, 32, 42,
35: 34, 36, 13,
36: 35, 37, 12,
37: 36, 38, 23, 25,
38: 37, 39, 7,
39: 38, 40, 31,
40: 39, 41, 0,
41: 40, 42, 7, 31,
42: 41, 43, 15, 34,
43: 42, 44, 15,
44: 43, 45, 7, 20, 29,
45: 44, 46, 11, 13,
46: 45, 47, 31, 54,
47: 46, 48, 7,
48: 47, 49, 14,
49: 48, 50, 22,
50: 49, 51, 2, 18,
51: 50, 52, 17, 31,
52: 51, 53, 5, 31,
53: 52, 6, 7,
54: 46,
