54
0: 1, 3,
1: 0, 2, 35, 4, 38, 37, 15, 44,
2: 1, 3, 20, 46, 28,
3: 2, 4, 0, 25,
4: 3, 5, 1,
5: 4, 6, 18,
6: 5, 7, 13,
7: 6, 8, 42,
8: 7, 9, 17,
9: 8, 10, 30, 40,
10: 9, 11, 29,
11: 10, 12, 36,
12: 11, 13, 22,
13: 12, 14, 6, 42,
14: 13, 15, 47, 45, 25,
15: 14, 16, 1,
16: 15, 17, 24, 45, 33, 20,
17: 16, 18, 8,
18: 17, 19, 5,
19: 18, 20, 41,
20: 19, 21, 2, 16, 48,
21: 20, 22, 37, 32, 27,
22: 21, 23, 12,
23: 22, 24, 35,
24: 23, 25, 16,
25: 24, 26, 3, 14, 43, 39,
26: 25, 27, 49,
27: 26, 28, 21,
28: 27, 29, 2, 49, 30,
29: 28, 30, 10,
30: 29, 31, 9, 28,
31: 30, 32, 34, 50,
32: 31, 33, 21, 49, 48,
33: 32, 34, 16,
34: 33, 35, 31, 51, 48, 52,
35: 34, 36, 1, 23,
36: 35, 37, 11,
37: 36, 38, 1, 21,
38: 37, 39, 1,
39: 38, 40, 25,
40: 39, 41, 9, 53,
41: 40, 42, 19,
42: 41, 43, 7, 13,
43: 42, 44, 25,
44: 43, 45, 1,
45: 44, 46, 14, 16,
46: 45, 47, 2,
47: 46, 48, 14,
48: 47, 49, 20, 32, 34,
49: 48, 26, 28, 32,
50: 31,
51: 34,
52: 34,
53: 40,
