63
0: 1, 51, 43,
1: 0, 2, 44, 15,
2: 1, 3, 37, 54, 29,
3: 2, 4, 38, 54,
4: 3, 5, 27,
5: 4, 6, 34,
6: 5, 7, 12, 18,
7: 6, 8, 22,
8: 7, 9, 16, 33,
9: 8, 10, 52, 15,
10: 9, 11, 24, 48,
11: 10, 12, 36,
12: 11, 13, 6,
13: 12, 14, 23, 34, 19,
14: 13, 15, 30,
15: 14, 16, 1, 9, 43, 49, 36,
16: 15, 17, 8,
17: 16, 18, 41,
18: 17, 19, 6,
19: 18, 20, 13, 50,
20: 19, 21, 40,
21: 20, 22, 46,
22: 21, 23, 7,
23: 22, 24, 13, 47, 39, 25, 41, 28, 46,
24: 23, 25, 10, 38,
25: 24, 26, 23,
26: 25, 27, 28, 32, 47, 43, 41,
27: 26, 28, 4,
28: 27, 29, 23, 26,
29: 28, 30, 2,
30: 29, 31, 14,
31: 30, 32, 45, 37,
32: 31, 33, 26, 51,
33: 32, 34, 8,
34: 33, 35, 5, 13,
35: 34, 36, 37, 46, 42, 49, 43, 38,
36: 35, 37, 11, 15,
37: 36, 38, 2, 31, 35, 53, 45,
38: 37, 39, 3, 24, 35,
39: 38, 40, 23,
40: 39, 41, 20,
41: 40, 42, 17, 23, 26,
42: 41, 43, 35, 53,
43: 42, 44, 0, 15, 26, 35,
44: 43, 45, 1,
45: 44, 46, 31, 37, 50, 51, 55, 49, 56, 57, 58, 59,
46: 45, 47, 21, 23, 35,
47: 46, 48, 23, 26,
48: 47, 49, 10,
49: 48, 50, 15, 35, 45, 60,
50: 49, 51, 19, 45, 61, 62,
51: 50, 52, 0, 32, 45,
52: 51, 53, 9,
53: 52, 54, 37, 42,
54: 53, 2, 3,
55: 45,
56: 45,
57: 45,
58: 45,
59: 45,
60: 49,
61: 50,
62: 50,
