63
0: 1, 19, 28,
1: 0, 2, 15,
2: 1, 3, 37,
3: 2, 4, 54,
4: 3, 5, 36,
5: 4, 6, 23, 43,
6: 5, 7, 36, 32, 55,
7: 6, 8, 39,
8: 7, 9, 22,
9: 8, 10, 12, 45, 57, 14,
10: 9, 11, 53, 35, 46, 45, 49, 44,
11: 10, 12, 14, 59,
12: 11, 13, 9,
13: 12, 14, 24, 60, 59, 53, 56, 62, 39, 61, 38,
14: 13, 15, 9, 11,
15: 14, 16, 1,
16: 15, 17, 20, 24,
17: 16, 18, 48, 30, 58, 29,
18: 17, 19, 25, 34,
19: 18, 20, 0, 51, 30,
20: 19, 21, 16, 50,
21: 20, 22, 27,
22: 21, 23, 8,
23: 22, 24, 5,
24: 23, 25, 13, 16,
25: 24, 26, 18,
26: 25, 27, 47, 38,
27: 26, 28, 21,
28: 27, 29, 0,
29: 28, 30, 17,
30: 29, 31, 17, 19, 47, 39,
31: 30, 32, 56,
32: 31, 33, 6, 41,
33: 32, 34, 42, 57,
34: 33, 35, 18,
35: 34, 36, 10,
36: 35, 37, 4, 6,
37: 36, 38, 2, 42,
38: 37, 39, 13, 26,
39: 38, 40, 7, 13, 30,
40: 39, 41, 57,
41: 40, 42, 32, 59,
42: 41, 43, 33, 37, 57, 48, 56, 52, 59, 60,
43: 42, 44, 5,
44: 43, 45, 10,
45: 44, 46, 9, 10,
46: 45, 47, 10,
47: 46, 48, 26, 30,
48: 47, 49, 17, 42, 52,
49: 48, 50, 10,
50: 49, 51, 20,
51: 50, 52, 19,
52: 51, 53, 42, 48,
53: 52, 54, 10, 13,
54: 53, 55, 3,
55: 54, 56, 6,
56: 55, 57, 13, 31, 42,
57: 56, 58, 9, 33, 40, 42,
58: 57, 59, 17,
59: 58, 60, 11, 13, 41, 42,
60: 59, 61, 13, 42,
61: 60, 62, 13,
62: 61, 13,
