153
0: 1, 9,
1: 0, 2, 94, 61,
2: 1, 3, 94, 70,
3: 2, 4, 38,
4: 3, 5, 113,
5: 4, 6, 115,
6: 5, 7, 60,
7: 6, 8, 99,
8: 7, 9, 87,
9: 8, 10, 0,
10: 9, 11, 45,
11: 10, 12, 102,
12: 11, 13, 117,
13: 12, 14, 136, 19,
14: 13, 15, 89, 73,
15: 14, 16, 128,
16: 15, 17, 127, 57,
17: 16, 18, 84,
18: 17, 19, 59,
19: 18, 20, 13,
20: 19, 21, 80, 116,
21: 20, 22, 76, 45,
22: 21, 23, 83,
23: 22, 24, 29,
24: 23, 25, 79,
25: 24, 26, 51, 60,
26: 25, 27, 103,
27: 26, 28, 108,
28: 27, 29, 69, 131,
29: 28, 30, 23,
30: 29, 31, 41,
31: 30, 32, 101,
32: 31, 33, 39, 124,
33: 32, 34, 66,
34: 33, 35, 52, 77,
35: 34, 36, 137,
36: 35, 37, 130,
37: 36, 38, 68, 145,
38: 37, 39, 3,
39: 38, 40, 32,
40: 39, 41, 103,
41: 40, 42, 30,
42: 41, 43, 50,
43: 42, 44, 71,
44: 43, 45, 65,
45: 44, 46, 10, 21,
46: 45, 47, 53,
47: 46, 48, 92,
48: 47, 49, 63, 54,
49: 48, 50, 72, 93,
50: 49, 51, 42,
51: 50, 52, 25, 141,
52: 51, 53, 34,
53: 52, 54, 46, 123,
54: 53, 55, 48, 101,
55: 54, 56, 64,
56: 55, 57, 115, 123,
57: 56, 58, 16, 147,
58: 57, 59, 114, 90,
59: 58, 60, 18,
60: 59, 61, 6, 25,
61: 60, 62, 1,
62: 61, 63, 137,
63: 62, 64, 48,
64: 63, 65, 55,
65: 64, 66, 44,
66: 65, 67, 33,
67: 66, 68, 85, 97,
68: 67, 69, 37,
69: 68, 70, 28,
70: 69, 71, 2,
71: 70, 72, 43,
72: 71, 73, 49,
73: 72, 74, 14,
74: 73, 75, 143,
75: 74, 76, 139,
76: 75, 77, 21,
77: 76, 78, 34, 146,
78: 77, 79, 140,
79: 78, 80, 24,
80: 79, 81, 20, 107,
81: 80, 82, 112, 119,
82: 81, 83, 106,
83: 82, 84, 22, 118,
84: 83, 85, 17, 148,
85: 84, 86, 67, 90,
86: 85, 87, 105,
87: 86, 88, 8,
88: 87, 89, 100,
89: 88, 90, 14,
90: 89, 91, 58, 85,
91: 90, 92, 142,
92: 91, 93, 47,
93: 92, 94, 49,
94: 93, 95, 1, 2,
95: 94, 96, 126, 121,
96: 95, 97, 98, 139,
97: 96, 98, 67,
98: 97, 99, 96,
99: 98, 100, 7,
100: 99, 101, 88,
101: 100, 102, 31, 54,
102: 101, 103, 11,
103: 102, 104, 26, 40,
104: 103, 105, 138, 109,
105: 104, 106, 86,
106: 105, 107, 82,
107: 106, 108, 80,
108: 107, 109, 27,
109: 108, 110, 104, 141,
110: 109, 111, 149, 144,
111: 110, 112, 125, 122,
112: 111, 113, 81,
113: 112, 114, 4,
114: 113, 115, 58,
115: 114, 116, 5, 56,
116: 115, 117, 20,
117: 116, 118, 12, 135,
118: 117, 119, 83,
119: 118, 120, 81, 132,
120: 119, 121, 129, 132,
121: 120, 122, 95,
122: 121, 123, 111,
123: 122, 124, 53, 56,
124: 123, 125, 32,
125: 124, 126, 111,
126: 125, 127, 95, 144,
127: 126, 128, 16,
128: 127, 129, 15,
129: 128, 130, 120,
130: 129, 131, 36,
131: 130, 132, 28,
132: 131, 133, 119, 120,
133: 132, 134, 150, 151,
134: 133, 135, 152,
135: 134, 136, 117,
136: 135, 137, 13,
137: 136, 138, 35, 62,
138: 137, 139, 104,
139: 138, 140, 75, 96,
140: 139, 141, 78,
141: 140, 142, 51, 109,
142: 141, 143, 91,
143: 142, 144, 74,
144: 143, 145, 110, 126,
145: 144, 146, 37,
146: 145, 147, 77,
147: 146, 148, 57,
148: 147, 149, 84,
149: 148, 110,
150: 133,
151: 133,
152: 134,
