153
0: 1, 110,
1: 0, 2, 129,
2: 1, 3, 15,
3: 2, 4, 55,
4: 3, 5, 32, 98,
5: 4, 6, 12,
6: 5, 7, 102, 145,
7: 6, 8, 77,
8: 7, 9, 57, 65,
9: 8, 10, 61,
10: 9, 11, 45,
11: 10, 12, 18,
12: 11, 13, 5, 52,
13: 12, 14, 42, 51,
14: 13, 15, 126,
15: 14, 16, 2, 84,
16: 15, 17, 116,
17: 16, 18, 115,
18: 17, 19, 11,
19: 18, 20, 83,
20: 19, 21, 29,
21: 20, 22, 65,
22: 21, 23, 97, 121,
23: 22, 24, 122,
24: 23, 25, 142,
25: 24, 26, 133,
26: 25, 27, 73,
27: 26, 28, 62,
28: 27, 29, 96,
29: 28, 30, 20, 149,
30: 29, 31, 49, 113,
31: 30, 32, 144,
32: 31, 33, 4,
33: 32, 34, 46,
34: 33, 35, 137, 138,
35: 34, 36, 108,
36: 35, 37, 76,
37: 36, 38, 44, 81,
38: 37, 39, 123,
39: 38, 40, 69, 124,
40: 39, 41, 149,
41: 40, 42, 59,
42: 41, 43, 13,
43: 42, 44, 141,
44: 43, 45, 37,
45: 44, 46, 10,
46: 45, 47, 33,
47: 46, 48, 116, 105,
48: 47, 49, 72, 148,
49: 48, 50, 30,
50: 49, 51, 79,
51: 50, 52, 13,
52: 51, 53, 12, 152,
53: 52, 54, 101,
54: 53, 55, 103, 99,
55: 54, 56, 3,
56: 55, 57, 70,
57: 56, 58, 8,
58: 57, 59, 79,
59: 58, 60, 41,
60: 59, 61, 80,
61: 60, 62, 9,
62: 61, 63, 27,
63: 62, 64, 139,
64: 63, 65, 75,
65: 64, 66, 8, 21,
66: 65, 67, 115, 93,
67: 66, 68, 151,
68: 67, 69, 130, 99,
69: 68, 70, 39,
70: 69, 71, 56,
71: 70, 72, 94,
72: 71, 73, 48,
73: 72, 74, 26,
74: 73, 75, 118, 140,
75: 74, 76, 64,
76: 75, 77, 36, 86,
77: 76, 78, 7,
78: 77, 79, 89,
79: 78, 80, 50, 58,
80: 79, 81, 60,
81: 80, 82, 37,
82: 81, 83, 131,
83: 82, 84, 19, 105,
84: 83, 85, 15,
85: 84, 86, 88, 134,
86: 85, 87, 76,
87: 86, 88, 96, 131,
88: 87, 89, 85,
89: 88, 90, 78,
90: 89, 91, 133,
91: 90, 92, 128,
92: 91, 93, 143,
93: 92, 94, 66,
94: 93, 95, 71,
95: 94, 96, 146, 136,
96: 95, 97, 28, 87,
97: 96, 98, 22,
98: 97, 99, 4,
99: 98, 100, 54, 68,
100: 99, 101, 120,
101: 100, 102, 53,
102: 101, 103, 6,
103: 102, 104, 54, 145,
104: 103, 105, 117,
105: 104, 106, 47, 83,
106: 105, 107, 134,
107: 106, 108, 132,
108: 107, 109, 35,
109: 108, 110, 112,
110: 109, 111, 0,
111: 110, 112, 135,
112: 111, 113, 109, 138,
113: 112, 114, 30,
114: 113, 115, 139,
115: 114, 116, 17, 66,
116: 115, 117, 16, 47,
117: 116, 118, 104, 150,
118: 117, 119, 74,
119: 118, 120, 126,
120: 119, 121, 100,
121: 120, 122, 22,
122: 121, 123, 23,
123: 122, 124, 38,
124: 123, 125, 39,
125: 124, 126, 147, 127,
126: 125, 127, 14, 119,
127: 126, 128, 125, 147,
128: 127, 129, 91,
129: 128, 130, 1,
130: 129, 131, 68,
131: 130, 132, 82, 87,
132: 131, 133, 107,
133: 132, 134, 25, 90,
134: 133, 135, 85, 106,
135: 134, 136, 111,
136: 135, 137, 95,
137: 136, 138, 34,
138: 137, 139, 34, 112,
139: 138, 140, 63, 114,
140: 139, 141, 74,
141: 140, 142, 43,
142: 141, 143, 24,
143: 142, 144, 92,
144: 143, 145, 31,
145: 144, 146, 6, 103,
146: 145, 147, 95,
147: 146, 148, 125, 127,
148: 147, 149, 48,
149: 148, 150, 29, 40,
150: 149, 151, 117,
151: 150, 152, 67,
152: 151, 52,
