157
0: 1, 154,
1: 0, 2, 18,
2: 1, 3, 12,
3: 2, 4, 88,
4: 3, 5, 74, 64,
5: 4, 6, 45, 77,
6: 5, 7, 148,
7: 6, 8, 25,
8: 7, 9, 151,
9: 8, 10, 92, 38,
10: 9, 11, 63,
11: 10, 12, 121,
12: 11, 13, 2, 49,
13: 12, 14, 88,
14: 13, 15, 129, 85,
15: 14, 16, 52, 44,
16: 15, 17, 41,
17: 16, 18, 94, 44,
18: 17, 19, 1,
19: 18, 20, 72,
20: 19, 21, 84,
21: 20, 22, 135,
22: 21, 23, 142,
23: 22, 24, 59,
24: 23, 25, 99,
25: 24, 26, 7,
26: 25, 27, 42,
27: 26, 28, 90, 49,
28: 27, 29, 77,
29: 28, 30, 116,
30: 29, 31, 127, 43,
31: 30, 32, 80,
32: 31, 33, 35,
33: 32, 34, 75,
34: 33, 35, 133, 104,
35: 34, 36, 32,
36: 35, 37, 126,
37: 36, 38, 110, 56,
38: 37, 39, 9,
39: 38, 40, 80, 93,
40: 39, 41, 75, 101,
41: 40, 42, 16, 46,
42: 41, 43, 26,
43: 42, 44, 30,
44: 43, 45, 15, 17,
45: 44, 46, 5,
46: 45, 47, 41,
47: 46, 48, 82, 143,
48: 47, 49, 55,
49: 48, 50, 12, 27,
50: 49, 51, 65,
51: 50, 52, 62, 69,
52: 51, 53, 15,
53: 52, 54, 142, 112,
54: 53, 55, 56, 152,
55: 54, 56, 48,
56: 55, 57, 37, 54,
57: 56, 58, 70,
58: 57, 59, 79, 86,
59: 58, 60, 23,
60: 59, 61, 147, 146,
61: 60, 62, 122, 119,
62: 61, 63, 51, 153,
63: 62, 64, 10, 68,
64: 63, 65, 4, 155,
65: 64, 66, 50,
66: 65, 67, 107,
67: 66, 68, 91,
68: 67, 69, 63,
69: 68, 70, 51,
70: 69, 71, 57,
71: 70, 72, 123,
72: 71, 73, 19, 128,
73: 72, 74, 132,
74: 73, 75, 4,
75: 74, 76, 33, 40,
76: 75, 77, 146, 125,
77: 76, 78, 5, 28,
78: 77, 79, 132,
79: 78, 80, 58, 140,
80: 79, 81, 31, 39,
81: 80, 82, 144,
82: 81, 83, 47,
83: 82, 84, 149,
84: 83, 85, 20,
85: 84, 86, 14, 89,
86: 85, 87, 58,
87: 86, 88, 95, 150,
88: 87, 89, 3, 13,
89: 88, 90, 85,
90: 89, 91, 27,
91: 90, 92, 67,
92: 91, 93, 9, 134,
93: 92, 94, 39,
94: 93, 95, 17, 131,
95: 94, 96, 87,
96: 95, 97, 138,
97: 96, 98, 103,
98: 97, 99, 141,
99: 98, 100, 24,
100: 99, 101, 119,
101: 100, 102, 40,
102: 101, 103, 145, 106,
103: 102, 104, 97, 135,
104: 103, 105, 34,
105: 104, 106, 153,
106: 105, 107, 102,
107: 106, 108, 66,
108: 107, 109, 117, 130,
109: 108, 110, 137, 111,
110: 109, 111, 37,
111: 110, 112, 109,
112: 111, 113, 53,
113: 112, 114, 115,
114: 113, 115, 128,
115: 114, 116, 113,
116: 115, 117, 29,
117: 116, 118, 108, 139,
118: 117, 119, 124,
119: 118, 120, 61, 100,
120: 119, 121, 148,
121: 120, 122, 11,
122: 121, 123, 61,
123: 122, 124, 71,
124: 123, 125, 118,
125: 124, 126, 76,
126: 125, 127, 36,
127: 126, 128, 30,
128: 127, 129, 72, 114,
129: 128, 130, 14,
130: 129, 131, 108,
131: 130, 132, 94, 138,
132: 131, 133, 73, 78,
133: 132, 134, 34,
134: 133, 135, 92,
135: 134, 136, 21, 103,
136: 135, 137, 140, 156,
137: 136, 138, 109,
138: 137, 139, 96, 131,
139: 138, 140, 117,
140: 139, 141, 79, 136,
141: 140, 142, 98,
142: 141, 143, 22, 53,
143: 142, 144, 47,
144: 143, 145, 81,
145: 144, 146, 102,
146: 145, 147, 60, 76,
147: 146, 148, 60,
148: 147, 149, 6, 120,
149: 148, 150, 83,
150: 149, 151, 87,
151: 150, 152, 8,
152: 151, 153, 54,
153: 152, 154, 62, 105,
154: 153, 155, 0,
155: 154, 64,
156: 136,
