156
0: 1, 73,
1: 0, 2, 131,
2: 1, 3, 90,
3: 2, 4, 17,
4: 3, 5, 83, 26,
5: 4, 6, 135, 82,
6: 5, 7, 9,
7: 6, 8, 142,
8: 7, 9, 50,
9: 8, 10, 6, 123,
10: 9, 11, 140, 92,
11: 10, 12, 136,
12: 11, 13, 77, 21,
13: 12, 14, 46, 139,
14: 13, 15, 109, 40,
15: 14, 16, 117,
16: 15, 17, 60, 81,
17: 16, 18, 3,
18: 17, 19, 81, 44,
19: 18, 20, 79,
20: 19, 21, 103,
21: 20, 22, 12,
22: 21, 23, 96, 55,
23: 22, 24, 83,
24: 23, 25, 114,
25: 24, 26, 65,
26: 25, 27, 4,
27: 26, 28, 84, 128,
28: 27, 29, 43,
29: 28, 30, 113,
30: 29, 31, 132,
31: 30, 32, 80,
32: 31, 33, 130,
33: 32, 34, 74, 154,
34: 33, 35, 46, 107,
35: 34, 36, 95, 102,
36: 35, 37, 129, 57,
37: 36, 38, 124,
38: 37, 39, 149,
39: 38, 40, 86, 106,
40: 39, 41, 14, 144,
41: 40, 42, 49, 146,
42: 41, 43, 121, 111,
43: 42, 44, 28, 76,
44: 43, 45, 18, 99,
45: 44, 46, 151,
46: 45, 47, 13, 34,
47: 46, 48, 98,
48: 47, 49, 121,
49: 48, 50, 41,
50: 49, 51, 8,
51: 50, 52, 88, 128,
52: 51, 53, 54, 87,
53: 52, 54, 84, 133,
54: 53, 55, 52,
55: 54, 56, 22,
56: 55, 57, 76,
57: 56, 58, 36,
58: 57, 59, 138,
59: 58, 60, 141,
60: 59, 61, 16,
61: 60, 62, 70,
62: 61, 63, 67,
63: 62, 64, 96,
64: 63, 65, 105,
65: 64, 66, 25,
66: 65, 67, 94, 150,
67: 66, 68, 62,
68: 67, 69, 89, 120,
69: 68, 70, 120,
70: 69, 71, 61,
71: 70, 72, 126,
72: 71, 73, 77,
73: 72, 74, 0,
74: 73, 75, 33,
75: 74, 76, 115, 78,
76: 75, 77, 43, 56,
77: 76, 78, 12, 72,
78: 77, 79, 75,
79: 78, 80, 19,
80: 79, 81, 31,
81: 80, 82, 16, 18,
82: 81, 83, 5,
83: 82, 84, 4, 23,
84: 83, 85, 27, 53,
85: 84, 86, 93,
86: 85, 87, 39, 104,
87: 86, 88, 52, 140,
88: 87, 89, 51,
89: 88, 90, 68,
90: 89, 91, 2,
91: 90, 92, 125, 129,
92: 91, 93, 10,
93: 92, 94, 85, 127,
94: 93, 95, 66, 148,
95: 94, 96, 35,
96: 95, 97, 22, 63,
97: 96, 98, 110,
98: 97, 99, 47,
99: 98, 100, 44,
100: 99, 101, 147,
101: 100, 102, 137, 134,
102: 101, 103, 35,
103: 102, 104, 20,
104: 103, 105, 86,
105: 104, 106, 64, 116,
106: 105, 107, 39, 125,
107: 106, 108, 34,
108: 107, 109, 153,
109: 108, 110, 14,
110: 109, 111, 97,
111: 110, 112, 42,
112: 111, 113, 137,
113: 112, 114, 29,
114: 113, 115, 24,
115: 114, 116, 75,
116: 115, 117, 105,
117: 116, 118, 15,
118: 117, 119, 131, 145,
119: 118, 120, 138,
120: 119, 121, 68, 69,
121: 120, 122, 42, 48,
122: 121, 123, 152,
123: 122, 124, 9,
124: 123, 125, 37,
125: 124, 126, 91, 106,
126: 125, 127, 71,
127: 126, 128, 93,
128: 127, 129, 27, 51,
129: 128, 130, 36, 91,
130: 129, 131, 32,
131: 130, 132, 1, 118,
132: 131, 133, 30,
133: 132, 134, 53,
134: 133, 135, 101,
135: 134, 136, 5,
136: 135, 137, 11,
137: 136, 138, 101, 112,
138: 137, 139, 58, 119,
139: 138, 140, 13,
140: 139, 141, 10, 87,
141: 140, 142, 59,
142: 141, 143, 7,
143: 142, 144, 155,
144: 143, 145, 40,
145: 144, 146, 118,
146: 145, 147, 41,
147: 146, 148, 100,
148: 147, 149, 94,
149: 148, 150, 38,
150: 149, 151, 66,
151: 150, 152, 45,
152: 151, 153, 122,
153: 152, 154, 108,
154: 153, 33,
155: 143,
