155
0: 1, 45,
1: 0, 2, 20,
2: 1, 3, 48,
3: 2, 4, 76,
4: 3, 5, 46,
5: 4, 6, 41, 150,
6: 5, 7, 59, 128,
7: 6, 8, 99,
8: 7, 9, 18,
9: 8, 10, 89,
10: 9, 11, 68,
11: 10, 12, 74,
12: 11, 13, 23, 74,
13: 12, 14, 141,
14: 13, 15, 110, 68,
15: 14, 16, 151,
16: 15, 17, 142,
17: 16, 18, 25, 120,
18: 17, 19, 8,
19: 18, 20, 24,
20: 19, 21, 1,
21: 20, 22, 136,
22: 21, 23, 124, 140,
23: 22, 24, 12,
24: 23, 25, 19,
25: 24, 26, 17,
26: 25, 27, 94,
27: 26, 28, 42, 145,
28: 27, 29, 133,
29: 28, 30, 34,
30: 29, 31, 84, 102,
31: 30, 32, 139,
32: 31, 33, 92,
33: 32, 34, 58,
34: 33, 35, 29,
35: 34, 36, 38,
36: 35, 37, 138, 143,
37: 36, 38, 51, 71,
38: 37, 39, 35,
39: 38, 40, 139, 70,
40: 39, 41, 76, 118,
41: 40, 42, 5,
42: 41, 43, 27, 123,
43: 42, 44, 102,
44: 43, 45, 83,
45: 44, 46, 0,
46: 45, 47, 4, 115,
47: 46, 48, 117, 55,
48: 47, 49, 2,
49: 48, 50, 107, 137,
50: 49, 51, 83,
51: 50, 52, 37,
52: 51, 53, 147, 94,
53: 52, 54, 149, 67,
54: 53, 55, 111,
55: 54, 56, 47, 101,
56: 55, 57, 106, 148,
57: 56, 58, 97,
58: 57, 59, 33,
59: 58, 60, 6,
60: 59, 61, 144,
61: 60, 62, 86, 121,
62: 61, 63, 112,
63: 62, 64, 100,
64: 63, 65, 131, 116,
65: 64, 66, 88,
66: 65, 67, 130, 88,
67: 66, 68, 53,
68: 67, 69, 10, 14,
69: 68, 70, 131, 87,
70: 69, 71, 39,
71: 70, 72, 37,
72: 71, 73, 134,
73: 72, 74, 114,
74: 73, 75, 11, 12,
75: 74, 76, 152,
76: 75, 77, 3, 40,
77: 76, 78, 96,
78: 77, 79, 127,
79: 78, 80, 129, 113,
80: 79, 81, 108,
81: 80, 82, 152, 115,
82: 81, 83, 121, 130,
83: 82, 84, 44, 50,
84: 83, 85, 30,
85: 84, 86, 96,
86: 85, 87, 61, 146,
87: 86, 88, 69,
88: 87, 89, 65, 66,
89: 88, 90, 9,
90: 89, 91, 132, 104,
91: 90, 92, 114,
92: 91, 93, 32,
93: 92, 94, 112,
94: 93, 95, 26, 52,
95: 94, 96, 109,
96: 95, 97, 77, 85,
97: 96, 98, 57,
98: 97, 99, 103,
99: 98, 100, 7,
100: 99, 101, 63, 122,
101: 100, 102, 55,
102: 101, 103, 30, 43,
103: 102, 104, 98,
104: 103, 105, 90,
105: 104, 106, 125,
106: 105, 107, 56,
107: 106, 108, 49,
108: 107, 109, 80,
109: 108, 110, 95,
110: 109, 111, 14, 142,
111: 110, 112, 54,
112: 111, 113, 62, 93,
113: 112, 114, 79,
114: 113, 115, 73, 91,
115: 114, 116, 46, 81,
116: 115, 117, 64,
117: 116, 118, 47,
118: 117, 119, 40,
119: 118, 120, 145,
120: 119, 121, 17,
121: 120, 122, 61, 82,
122: 121, 123, 100,
123: 122, 124, 42,
124: 123, 125, 22,
125: 124, 126, 105,
126: 125, 127, 146,
127: 126, 128, 78,
128: 127, 129, 6,
129: 128, 130, 79,
130: 129, 131, 66, 82,
131: 130, 132, 64, 69,
132: 131, 133, 90, 153,
133: 132, 134, 28,
134: 133, 135, 72,
135: 134, 136, 154,
136: 135, 137, 21,
137: 136, 138, 49,
138: 137, 139, 36,
139: 138, 140, 31, 39,
140: 139, 141, 22,
141: 140, 142, 13,
142: 141, 143, 16, 110,
143: 142, 144, 36,
144: 143, 145, 60,
145: 144, 146, 27, 119,
146: 145, 147, 86, 126,
147: 146, 148, 52,
148: 147, 149, 56,
149: 148, 150, 53,
150: 149, 151, 5,
151: 150, 152, 15,
152: 151, 75, 81,
153: 132,
154: 135,
