100
0: 1, 90, 58, 15,
1: 0, 2, 24, 96, 62, 71,
2: 1, 3, 12, 50,
3: 2, 4,
4: 3, 5, 52, 30, 29,
5: 4, 6,
6: 5, 7,
7: 6, 8, 69, 48,
8: 7, 9, 10, 94, 57, 18, 53,
9: 8, 10, 20,
10: 9, 11, 8, 87, 17, 27, 43,
11: 10, 12, 37, 82,
12: 11, 13, 2, 57, 76, 64, 60, 99, 97,
13: 12, 14, 88, 73, 82,
14: 13, 15, 81, 72, 19,
15: 14, 16, 22, 0, 34, 47,
16: 15, 17, 44, 70,
17: 16, 18, 10,
18: 17, 19, 8, 63, 38, 28, 35,
19: 18, 20, 14,
20: 19, 21, 9,
21: 20, 22, 46,
22: 21, 23, 15, 51, 77, 59, 60,
23: 22, 24, 53, 44, 31, 47,
24: 23, 25, 1,
25: 24, 26, 56, 40,
26: 25, 27, 58, 66, 31, 47,
27: 26, 28, 71, 10, 42, 75,
28: 27, 29, 18, 53,
29: 28, 30, 4,
30: 29, 31, 4, 92,
31: 30, 32, 86, 77, 23, 62, 41, 26, 68, 40, 83, 91, 0, 0, 65, 0, 31, 33, 79, 52,
32: 31, 33, 79, 52,
33: 32, 34, 52, 72,
34: 33, 35, 15, 84,
35: 34, 36, 18, 89,
36: 35, 37, 81, 47,
37: 36, 38, 11,
38: 37, 39, 18, 45,
39: 38, 40, 78, 68,
40: 39, 41, 84, 93, 25, 31, 42,
41: 40, 42, 31, 95, 70, 47, 53, 97,
42: 41, 43, 27, 40, 47, 97,
43: 42, 44, 10, 82, 53,
44: 43, 45, 16, 23,
45: 44, 46, 38,
46: 45, 47, 21, 65, 68, 55, 59,
47: 46, 48, 41, 54, 15, 26, 42, 23, 36, 49,
48: 47, 49, 7,
49: 48, 50, 92, 47, 80, 82,
50: 49, 51, 61, 89, 2, 53, 59,
51: 50, 52, 22,
52: 51, 53, 4, 33, 32, 75,
53: 52, 54, 23, 28, 67, 59, 50, 84, 41, 64, 8, 43, 0, 0, 65, 0, 53, 55, 47,
54: 53, 55, 47,
55: 54, 56, 46, 67,
56: 55, 57, 25,
57: 56, 58, 8, 12,
58: 57, 59, 0, 26,
59: 58, 60, 53, 46, 50, 22,
60: 59, 61, 12, 22,
61: 60, 62, 50, 66,
62: 61, 63, 1, 31,
63: 62, 64, 18,
64: 63, 65, 12, 53,
65: 64, 66, 46,
66: 65, 67, 26, 61,
67: 66, 68, 53, 55, 82,
68: 67, 69, 31, 46, 39,
69: 68, 70, 7,
70: 69, 71, 41, 16, 74,
71: 70, 72, 1, 27,
72: 71, 73, 14, 79, 33, 84, 82, 85,
73: 72, 74, 13,
74: 73, 75, 70, 86,
75: 74, 76, 52, 27,
76: 75, 77, 12,
77: 76, 78, 22, 31,
78: 77, 79, 39,
79: 78, 80, 32, 72,
80: 79, 81, 49, 89,
81: 80, 82, 14, 36,
82: 81, 83, 43, 11, 13, 49, 72, 67,
83: 82, 84, 31,
84: 83, 85, 34, 40, 53, 72,
85: 84, 86, 72,
86: 85, 87, 31, 74, 98,
87: 86, 88, 10,
88: 87, 89, 13,
89: 88, 90, 50, 80, 35,
90: 89, 91, 0,
91: 90, 92, 31,
92: 91, 93, 30, 49,
93: 92, 94, 40,
94: 93, 95, 8,
95: 94, 96, 41,
96: 95, 97, 1,
97: 96, 98, 12, 42, 41,
98: 97, 99, 86,
99: 98, 12,
