100
0: 1, 85, 60,
1: 0, 2, 65, 7,
2: 1, 3,
3: 2, 4,
4: 3, 5, 87, 17,
5: 4, 6, 71,
6: 5, 7, 15, 39, 21,
7: 6, 8, 11, 1, 90,
8: 7, 9, 63, 51, 14, 18, 24,
9: 8, 10, 87, 65, 43, 27, 78, 30, 69, 95,
10: 9, 11, 80, 16,
11: 10, 12, 7,
12: 11, 13, 72,
13: 12, 14, 86,
14: 13, 15, 8, 82, 32, 92, 87, 25, 88,
15: 14, 16, 6, 64, 25, 79, 48, 68, 29, 45, 75,
16: 15, 17, 34, 23, 10, 52,
17: 16, 18, 4, 54, 42, 60,
18: 17, 19, 8, 39, 52,
19: 18, 20, 51, 94, 58,
20: 19, 21, 84, 98, 22, 26,
21: 20, 22, 6,
22: 21, 23, 35, 20, 56,
23: 22, 24, 16,
24: 23, 25, 8, 47, 34, 96,
25: 24, 26, 15, 30, 14, 57,
26: 25, 27, 20, 42, 41,
27: 26, 28, 9,
28: 27, 29, 91, 48, 35, 40, 34,
29: 28, 30, 15,
30: 29, 31, 25, 9, 36,
31: 30, 32, 55, 70, 57, 61,
32: 31, 33, 14,
33: 32, 34, 73, 57,
34: 33, 35, 16, 62, 28, 24, 97, 44,
35: 34, 36, 22, 28,
36: 35, 37, 30, 53,
37: 36, 38, 47,
38: 37, 39, 99, 83, 62, 89,
39: 38, 40, 6, 18,
40: 39, 41, 28,
41: 40, 42, 99, 26, 63,
42: 41, 43, 17, 26, 53, 45,
43: 42, 44, 9,
44: 43, 45, 34, 59,
45: 44, 46, 15, 42, 69, 57,
46: 45, 47, 56, 77, 55, 57,
47: 46, 48, 24, 37,
48: 47, 49, 15, 28,
49: 48, 50, 77,
50: 49, 51, 79,
51: 50, 52, 8, 19,
52: 51, 53, 18, 16,
53: 52, 54, 42, 36, 56, 73,
54: 53, 55, 17,
55: 54, 56, 31, 46,
56: 55, 57, 46, 53, 22, 59, 76,
57: 56, 58, 33, 63, 31, 72, 25, 45, 81, 46, 95,
58: 57, 59, 19,
59: 58, 60, 56, 44, 74,
60: 59, 61, 0, 17,
61: 60, 62, 31,
62: 61, 63, 34, 38,
63: 62, 64, 8, 57, 41,
64: 63, 65, 15,
65: 64, 66, 1, 9,
66: 65, 67, 79, 74, 82, 89,
67: 66, 68, 90,
68: 67, 69, 15,
69: 68, 70, 45, 9, 95,
70: 69, 71, 31,
71: 70, 72, 5,
72: 71, 73, 12, 57, 88,
73: 72, 74, 33, 53,
74: 73, 75, 66, 59,
75: 74, 76, 15,
76: 75, 77, 56, 88,
77: 76, 78, 46, 49,
78: 77, 79, 9,
79: 78, 80, 15, 50, 66,
80: 79, 81, 10, 94,
81: 80, 82, 57, 95, 93,
82: 81, 83, 14, 66,
83: 82, 84, 38,
84: 83, 85, 20,
85: 84, 86, 0,
86: 85, 87, 13,
87: 86, 88, 4, 9, 14,
88: 87, 89, 72, 76, 95, 14,
89: 88, 90, 66, 38,
90: 89, 91, 7, 67, 93,
91: 90, 92, 28,
92: 91, 93, 14,
93: 92, 94, 81, 90,
94: 93, 95, 19, 80,
95: 94, 96, 57, 81, 88, 69, 9,
96: 95, 97, 24,
97: 96, 98, 34,
98: 97, 99, 20,
99: 98, 38, 41,
