100
0: 1, 80, 72,
1: 0, 2, 50, 28,
2: 1, 3,
3: 2, 4,
4: 3, 5, 57, 84, 95, 20, 8, 10, 30, 78,
5: 4, 6, 58, 26,
6: 5, 7, 79, 34, 23,
7: 6, 8, 15, 52, 72, 32, 37, 22,
8: 7, 9, 4,
9: 8, 10, 48, 53, 56, 36, 43, 65,
10: 9, 11, 4,
11: 10, 12, 59, 90, 66, 13,
12: 11, 13, 49,
13: 12, 14, 85, 29, 24, 11, 21, 53, 35, 62, 68, 71, 0, 0, 65, 0, 11, 13, 49,
14: 13, 15, 51, 31, 64,
15: 14, 16, 7,
16: 15, 17, 36, 92,
17: 16, 18, 80,
18: 17, 19, 34, 37, 58,
19: 18, 20, 94, 72,
20: 19, 21, 4,
21: 20, 22, 13,
22: 21, 23, 7, 75, 69,
23: 22, 24, 6, 67,
24: 23, 25, 13, 76, 96, 39, 40, 28, 60, 71, 73,
25: 24, 26, 95, 38, 39, 81,
26: 25, 27, 5,
27: 26, 28, 33, 72,
28: 27, 29, 24, 99, 59, 91, 98, 1, 69, 63, 39, 73, 0, 0, 65, 0, 26, 28, 33, 72,
29: 28, 30, 13, 49, 83,
30: 29, 31, 4,
31: 30, 32, 14, 65, 58,
32: 31, 33, 7, 46, 35,
33: 32, 34, 27,
34: 33, 35, 6, 18,
35: 34, 36, 78, 76, 32, 97, 13, 41, 43, 74, 81,
36: 35, 37, 16, 55, 68, 9, 38, 92,
37: 36, 38, 7, 18,
38: 37, 39, 25, 36, 55,
39: 38, 40, 24, 89, 54, 25, 55, 28, 41, 87,
40: 39, 41, 24,
41: 40, 42, 72, 39, 35, 77,
42: 41, 43, 99, 61,
43: 42, 44, 35, 9, 81,
44: 43, 45, 89, 73,
45: 44, 46, 58, 62, 47, 71,
46: 45, 47, 32,
47: 46, 48, 65, 45, 88, 92,
48: 47, 49, 9,
49: 48, 50, 12, 29,
50: 49, 51, 1,
51: 50, 52, 14,
52: 51, 53, 7,
53: 52, 54, 9, 13, 89, 87,
54: 53, 55, 39,
55: 54, 56, 36, 39, 64, 38, 77,
56: 55, 57, 9,
57: 56, 58, 4,
58: 57, 59, 5, 18, 45, 83, 31, 73, 92,
59: 58, 60, 11, 28,
60: 59, 61, 24, 86,
61: 60, 62, 42, 72,
62: 61, 63, 45, 13,
63: 62, 64, 28,
64: 63, 65, 14, 55,
65: 64, 66, 31, 47, 9, 70, 71, 72,
66: 65, 67, 11,
67: 66, 68, 85, 23, 81,
68: 67, 69, 36, 13, 93, 72, 92,
69: 68, 70, 28, 22, 72,
70: 69, 71, 65,
71: 70, 72, 73, 65, 45, 13, 24,
72: 71, 73, 7, 41, 61, 68, 27, 0, 19, 65, 69, 92, 0, 0, 65, 0, 70, 72, 73, 65, 45, 13, 24,
73: 72, 74, 71, 28, 24, 58, 44, 91,
74: 73, 75, 35,
75: 74, 76, 22,
76: 75, 77, 24, 35,
77: 76, 78, 41, 55, 89,
78: 77, 79, 4, 35,
79: 78, 80, 6,
80: 79, 81, 0, 17,
81: 80, 82, 35, 43, 25, 67, 90,
82: 81, 83, 97,
83: 82, 84, 58, 29, 91, 85,
84: 83, 85, 4,
85: 84, 86, 13, 67, 83,
86: 85, 87, 60,
87: 86, 88, 53, 39, 92,
88: 87, 89, 47,
89: 88, 90, 39, 44, 53, 77,
90: 89, 91, 11, 81,
91: 90, 92, 28, 83, 73,
92: 91, 93, 87, 72, 58, 47, 16, 36, 68, 96,
93: 92, 94, 68,
94: 93, 95, 19,
95: 94, 96, 4, 25,
96: 95, 97, 24, 92,
97: 96, 98, 35, 82,
98: 97, 99, 28,
99: 98, 28, 42,
