100
0: 1, 81, 51,
1: 0, 2, 44, 16, 20, 49,
2: 1, 3,
3: 2, 4, 36,
4: 3, 5,
5: 4, 6, 50, 22, 14,
6: 5, 7, 66, 18,
7: 6, 8, 33,
8: 7, 9, 45, 24,
9: 8, 10, 41, 20,
10: 9, 11, 55, 18,
11: 10, 12, 58, 80, 95,
12: 11, 13, 17, 24, 50, 88,
13: 12, 14, 67, 41, 98, 47, 85, 28, 80, 42, 93, 27, 0, 0, 65, 0, 11, 13, 17, 24, 50, 88,
14: 13, 15, 72, 5, 88, 35, 19, 55, 97,
15: 14, 16, 23, 77, 61,
16: 15, 17, 1,
17: 16, 18, 12, 46, 59, 69,
18: 17, 19, 20, 49, 86, 50, 60, 25, 6, 10, 75, 32, 0, 0, 65, 0, 16, 18, 12, 46, 59, 69,
19: 18, 20, 14,
20: 19, 21, 18, 74, 68, 9, 1,
21: 20, 22, 53, 37,
22: 21, 23, 5,
23: 22, 24, 15,
24: 23, 25, 81, 13, 8, 48, 90, 89, 66,
25: 24, 26, 18, 90, 94,
26: 25, 27, 84, 54,
27: 26, 28, 13, 37, 61,
28: 27, 29, 13,
29: 28, 30, 62, 87,
30: 29, 31, 84, 83,
31: 30, 32, 71, 39, 59, 95,
32: 31, 33, 18,
33: 32, 34, 7, 40,
34: 33, 35, 63, 56,
35: 34, 36, 14,
36: 35, 37, 3, 56,
37: 36, 38, 27, 21,
38: 37, 39, 96, 51,
39: 38, 40, 31, 43, 59,
40: 39, 41, 33,
41: 40, 42, 9, 13,
42: 41, 43, 13,
43: 42, 44, 39, 87, 52,
44: 43, 45, 1,
45: 44, 46, 8,
46: 45, 47, 84, 54, 18,
47: 46, 48, 13, 82,
48: 47, 49, 24,
49: 48, 50, 18, 57, 1, 76, 80,
50: 49, 51, 5, 18, 52, 13,
51: 50, 52, 38, 0, 53,
52: 51, 53, 50, 43, 78, 91, 79,
53: 52, 54, 21, 51,
54: 53, 55, 46, 26, 95,
55: 54, 56, 10, 14,
56: 55, 57, 34, 36,
57: 56, 58, 49,
58: 57, 59, 11,
59: 58, 60, 39, 18, 31,
60: 59, 61, 18,
61: 60, 62, 27, 71, 15, 92, 90, 64, 95,
62: 61, 63, 29,
63: 62, 64, 34,
64: 63, 65, 61,
65: 64, 66, 79, 83,
66: 65, 67, 6, 24,
67: 66, 68, 13,
68: 67, 69, 20, 92,
69: 68, 70, 18, 99,
70: 69, 71, 78,
71: 70, 72, 31, 61, 86,
72: 71, 73, 14,
73: 72, 74, 80, 96, 94,
74: 73, 75, 20,
75: 74, 76, 18,
76: 75, 77, 49,
77: 76, 78, 15,
78: 77, 79, 52, 70,
79: 78, 80, 65, 52, 95,
80: 79, 81, 11, 13, 73, 49,
81: 80, 82, 0, 24,
82: 81, 83, 47,
83: 82, 84, 30, 65,
84: 83, 85, 26, 30, 46,
85: 84, 86, 13,
86: 85, 87, 18, 71,
87: 86, 88, 43, 29, 95,
88: 87, 89, 14, 13,
89: 88, 90, 24,
90: 89, 91, 24, 25, 61,
91: 90, 92, 52,
92: 91, 93, 61, 68,
93: 92, 94, 13,
94: 93, 95, 25, 73,
95: 94, 96, 31, 54, 61, 79, 87, 11, 97,
96: 95, 97, 38, 73,
97: 96, 98, 95, 14,
98: 97, 99, 13,
99: 98, 69,
