100
0: 1, 53, 43, 12, 18,
1: 0, 2, 45, 80,
2: 1, 3, 39, 45,
3: 2, 4,
4: 3, 5,
5: 4, 6, 92, 57, 76,
6: 5, 7, 44, 72,
7: 6, 8, 81, 31,
8: 7, 9, 89, 96, 23, 27,
9: 8, 10, 35, 15,
10: 9, 11, 23, 31,
11: 10, 12, 42, 24,
12: 11, 13, 0, 54,
13: 12, 14, 64, 54, 24, 51,
14: 13, 15, 38, 51,
15: 14, 16, 9, 83, 84,
16: 15, 17, 60, 49,
17: 16, 18, 94, 78, 32, 19, 34, 43,
18: 17, 19, 0, 27,
19: 18, 20, 17,
20: 19, 21, 91, 27,
21: 20, 22, 40, 45, 28, 31,
22: 21, 23, 68, 24,
23: 22, 24, 10, 98, 8,
24: 23, 25, 22, 13, 52, 11, 27, 61, 79, 97,
25: 24, 26, 37, 63, 59, 41,
26: 25, 27, 91, 63, 37, 61,
27: 26, 28, 18, 8, 20, 24, 46, 75,
28: 27, 29, 33, 51, 59, 21, 46, 82, 87, 97,
29: 28, 30, 67, 88, 45, 77, 75,
30: 29, 31, 84, 35,
31: 30, 32, 10, 72, 50, 7, 21, 61,
32: 31, 33, 17,
33: 32, 34, 28, 59, 49,
34: 33, 35, 58, 17, 56,
35: 34, 36, 9, 30, 86, 44,
36: 35, 37, 75,
37: 36, 38, 25, 26, 73, 47, 49,
38: 37, 39, 14,
39: 38, 40, 2,
40: 39, 41, 21,
41: 40, 42, 25, 78, 52,
42: 41, 43, 11,
43: 42, 44, 0, 17, 70,
44: 43, 45, 6, 35, 61,
45: 44, 46, 1, 2, 21, 29,
46: 45, 47, 28, 27,
47: 46, 48, 37, 67,
48: 47, 49, 51,
49: 48, 50, 37, 16, 33, 52,
50: 49, 51, 31, 55, 56,
51: 50, 52, 28, 48, 13, 69, 14,
52: 51, 53, 24, 62, 49, 65, 41, 74, 58, 78,
53: 52, 54, 0,
54: 53, 55, 12, 13,
55: 54, 56, 50, 71,
56: 55, 57, 34, 50,
57: 56, 58, 5,
58: 57, 59, 34, 52, 79,
59: 58, 60, 25, 28, 33, 79, 95,
60: 59, 61, 16,
61: 60, 62, 71, 26, 66, 44, 24, 31,
62: 61, 63, 52,
63: 62, 64, 25, 26,
64: 63, 65, 13,
65: 64, 66, 52,
66: 65, 67, 61,
67: 66, 68, 29, 47,
68: 67, 69, 22, 93, 85,
69: 68, 70, 51,
70: 69, 71, 43,
71: 70, 72, 55, 61,
72: 71, 73, 6, 31,
73: 72, 74, 37,
74: 73, 75, 52,
75: 74, 76, 36, 27, 99, 29,
76: 75, 77, 5,
77: 76, 78, 29,
78: 77, 79, 17, 41, 85, 52,
79: 78, 80, 59, 58, 24,
80: 79, 81, 1, 90,
81: 80, 82, 7,
82: 81, 83, 28,
83: 82, 84, 15, 93,
84: 83, 85, 30, 93, 15,
85: 84, 86, 78, 68,
86: 85, 87, 35,
87: 86, 88, 28,
88: 87, 89, 29,
89: 88, 90, 8,
90: 89, 91, 80, 99,
91: 90, 92, 20, 26,
92: 91, 93, 5,
93: 92, 94, 68, 83, 84,
94: 93, 95, 17,
95: 94, 96, 59,
96: 95, 97, 8,
97: 96, 98, 24, 28,
98: 97, 99, 23,
99: 98, 75, 90,
