100
0: 1, 33, 14,
1: 0, 2, 86, 49,
2: 1, 3,
3: 2, 4, 7,
4: 3, 5,
5: 4, 6, 29,
6: 5, 7, 25, 16, 33, 31, 17, 47, 78, 90,
7: 6, 8, 3,
8: 7, 9, 48, 20, 74,
9: 8, 10, 30,
10: 9, 11,
11: 10, 12, 96, 21,
12: 11, 13, 79, 22,
13: 12, 14, 97, 37, 49, 77,
14: 13, 15, 0, 45, 67, 26, 74, 58,
15: 14, 16, 65, 60,
16: 15, 17, 6,
17: 16, 18, 6,
18: 17, 19, 28, 27,
19: 18, 20, 92, 40,
20: 19, 21, 8, 58, 25,
21: 20, 22, 58, 11, 74, 40, 48, 52,
22: 21, 23, 59, 12, 43,
23: 22, 24, 88, 91,
24: 23, 25, 47, 98,
25: 24, 26, 6, 20, 36,
26: 25, 27, 14,
27: 26, 28, 18, 81, 36, 72,
28: 27, 29, 18, 32, 54, 46,
29: 28, 30, 5, 92, 94,
30: 29, 31, 9,
31: 30, 32, 6,
32: 31, 33, 28, 49, 81,
33: 32, 34, 0, 6,
34: 33, 35, 66,
35: 34, 36, 85, 50,
36: 35, 37, 27, 25, 42,
37: 36, 38, 13,
38: 37, 39, 61, 82, 51, 98,
39: 38, 40, 64, 44,
40: 39, 41, 19, 63, 96, 73, 21, 60, 48, 81,
41: 40, 42, 55, 80,
42: 41, 43, 36,
43: 42, 44, 69, 89, 54, 22,
44: 43, 45, 39,
45: 44, 46, 14,
46: 45, 47, 69, 28, 58,
47: 46, 48, 6, 24,
48: 47, 49, 8, 93, 50, 40, 99, 57, 21, 81, 71, 83, 0, 0, 65, 0, 48, 50, 1, 32, 86, 13, 70,
49: 48, 50, 1, 32, 86, 13, 70,
50: 49, 51, 48, 35,
51: 50, 52, 38,
52: 51, 53, 21, 82,
53: 52, 54, 76, 84,
54: 53, 55, 28, 43,
55: 54, 56, 41, 71,
56: 55, 57, 95, 62, 68,
57: 56, 58, 48,
58: 57, 59, 14, 20, 21, 46,
59: 58, 60, 22,
60: 59, 61, 40, 15, 75,
61: 60, 62, 38,
62: 61, 63, 56, 67, 94,
63: 62, 64, 40,
64: 63, 65, 39, 92, 81,
65: 64, 66, 15,
66: 65, 67, 34,
67: 66, 68, 14, 62,
68: 67, 69, 56, 84,
69: 68, 70, 43, 46,
70: 69, 71, 49,
71: 70, 72, 55, 48,
72: 71, 73, 27,
73: 72, 74, 40,
74: 73, 75, 8, 14, 21,
75: 74, 76, 60,
76: 75, 77, 53, 97,
77: 76, 78, 13,
78: 77, 79, 6,
79: 78, 80, 12,
80: 79, 81, 82, 41, 83,
81: 80, 82, 27, 48, 40, 32, 64, 87,
82: 81, 83, 38, 80, 52, 84,
83: 82, 84, 48, 80,
84: 83, 85, 82, 53, 68,
85: 84, 86, 35,
86: 85, 87, 1, 49,
87: 86, 88, 81, 91,
88: 87, 89, 23,
89: 88, 90, 43,
90: 89, 91, 6,
91: 90, 92, 23, 87,
92: 91, 93, 19, 29, 64,
93: 92, 94, 48,
94: 93, 95, 29, 97, 62,
95: 94, 96, 56,
96: 95, 97, 11, 40,
97: 96, 98, 13, 76, 94,
98: 97, 99, 24, 38,
99: 98, 48,
