100
0: 1, 49, 38, 13, 5, 21, 74,
1: 0, 2, 66, 74,
2: 1, 3, 40, 56,
3: 2, 4,
4: 3, 5,
5: 4, 6, 0, 8, 12,
6: 5, 7, 39, 94, 59, 44,
7: 6, 8, 37, 19, 10,
8: 7, 9, 5, 67, 18,
9: 8, 10, 57, 24, 14, 21,
10: 9, 11, 62, 25, 27, 7, 42, 46, 68, 98,
11: 10, 12, 32, 61,
12: 11, 13, 20, 78, 5, 64, 18, 29, 35, 72,
13: 12, 14, 0,
14: 13, 15, 9, 99,
15: 14, 16, 86, 84, 81, 97,
16: 15, 17, 82, 24, 56, 60,
17: 16, 18, 27, 41, 68, 72,
18: 17, 19, 34, 8, 80, 12, 79, 46, 54, 60, 89,
19: 18, 20, 7,
20: 19, 21, 12, 73, 53,
21: 20, 22, 0, 54, 9, 35, 55, 70,
22: 21, 23, 26, 56, 90, 91, 64, 89, 98,
23: 22, 24, 59, 92,
24: 23, 25, 9, 16,
25: 24, 26, 10,
26: 25, 27, 22,
27: 26, 28, 10, 17, 53, 43, 29, 74,
28: 27, 29, 69, 74,
29: 28, 30, 12, 27, 65, 99,
30: 29, 31, 80, 39, 52, 89,
31: 30, 32, 66, 46,
32: 31, 33, 11, 93, 59,
33: 32, 34, 60, 42,
34: 33, 35, 18,
35: 34, 36, 21, 12, 43, 46, 72,
36: 35, 37, 88,
37: 36, 38, 7,
38: 37, 39, 0,
39: 38, 40, 6, 30, 61,
40: 39, 41, 2,
41: 40, 42, 17,
42: 41, 43, 95, 10, 33, 46,
43: 42, 44, 27, 35,
44: 43, 45, 6,
45: 44, 46, 77, 61,
46: 45, 47, 18, 42, 35, 56, 31, 10, 51,
47: 46, 48, 83, 81,
48: 47, 49, 72, 75,
49: 48, 50, 0,
50: 49, 51, 79, 55,
51: 50, 52, 76, 84, 46, 98,
52: 51, 53, 74, 30,
53: 52, 54, 20, 27,
54: 53, 55, 21, 73, 88, 18, 61,
55: 54, 56, 21, 59, 50, 80, 81, 91,
56: 55, 57, 22, 46, 84, 16, 2,
57: 56, 58, 9,
58: 57, 59, 96, 74,
59: 58, 60, 6, 23, 55, 81, 32, 75,
60: 59, 61, 33, 16, 18, 81, 89,
61: 60, 62, 39, 11, 54, 98, 45, 88,
62: 61, 63, 10,
63: 62, 64, 77,
64: 63, 65, 12, 22,
65: 64, 66, 29, 80,
66: 65, 67, 1, 31, 87, 89,
67: 66, 68, 8,
68: 67, 69, 17, 10, 99, 74,
69: 68, 70, 28,
70: 69, 71, 21, 76, 98,
71: 70, 72, 98, 92,
72: 71, 73, 48, 35, 17, 82, 96, 12, 81,
73: 72, 74, 20, 54,
74: 73, 75, 52, 0, 68, 58, 1, 27, 28,
75: 74, 76, 48, 59,
76: 75, 77, 51, 70,
77: 76, 78, 45, 63,
78: 77, 79, 12,
79: 78, 80, 18, 50,
80: 79, 81, 18, 30, 55, 65, 89, 85, 98,
81: 80, 82, 59, 60, 55, 15, 47, 72,
82: 81, 83, 16, 72,
83: 82, 84, 47,
84: 83, 85, 15, 51, 56,
85: 84, 86, 80, 88, 98,
86: 85, 87, 15,
87: 86, 88, 66,
88: 87, 89, 36, 54, 85, 61,
89: 88, 90, 80, 60, 22, 30, 18, 66,
90: 89, 91, 22,
91: 90, 92, 22, 55,
92: 91, 93, 71, 23,
93: 92, 94, 32,
94: 93, 95, 6,
95: 94, 96, 42,
96: 95, 97, 58, 72,
97: 96, 98, 15,
98: 97, 99, 61, 71, 70, 85, 51, 80, 10, 22,
99: 98, 68, 29, 14,
