100
0: 1, 91, 60,
1: 0, 2, 31, 71,
2: 1, 3,
3: 2, 4,
4: 3, 5, 6, 78, 59, 52,
5: 4, 6, 45,
6: 5, 7, 4,
7: 6, 8, 77, 50, 47, 59,
8: 7, 9, 67, 19,
9: 8, 10, 58, 30,
10: 9, 11, 41, 24, 32, 33,
11: 10, 12, 67, 70, 16,
12: 11, 13, 29, 16,
13: 12, 14, 39, 22,
14: 13, 15, 44, 69,
15: 14, 16, 57,
16: 15, 17, 24, 11, 12, 42, 81, 90,
17: 16, 18, 32,
18: 17, 19, 81, 21, 50, 73, 40, 63, 99,
19: 18, 20, 8, 26, 92, 94, 40,
20: 19, 21, 43, 65,
21: 20, 22, 18, 54, 46,
22: 21, 23, 13, 76,
23: 22, 24, 57, 28,
24: 23, 25, 10, 16,
25: 24, 26, 49, 61, 76, 80, 99,
26: 25, 27, 19, 37, 66,
27: 26, 28, 80, 53, 52,
28: 27, 29, 23, 43, 52,
29: 28, 30, 12,
30: 29, 31, 9, 56, 62, 47, 54,
31: 30, 32, 1,
32: 31, 33, 17, 10,
33: 32, 34, 55, 10, 95, 40, 66, 99,
34: 33, 35, 68, 36, 82, 74, 80,
35: 34, 36, 85, 51,
36: 35, 37, 34, 71, 48,
37: 36, 38, 26,
38: 37, 39, 51,
39: 38, 40, 13,
40: 39, 41, 33, 18, 98, 63, 86, 87, 72, 45, 19, 76, 0, 0, 65, 0, 40, 42, 10, 99,
41: 40, 42, 10, 99,
42: 41, 43, 47, 16, 69, 99,
43: 42, 44, 20, 28,
44: 43, 45, 14, 47, 63,
45: 44, 46, 5, 40,
46: 45, 47, 21, 83,
47: 46, 48, 42, 44, 30, 7, 84, 92,
48: 47, 49, 76, 36,
49: 48, 50, 25,
50: 49, 51, 7, 18,
51: 50, 52, 38, 53, 35,
52: 51, 53, 4, 28, 27, 82,
53: 52, 54, 27, 51,
54: 53, 55, 21, 30, 65,
55: 54, 56, 33,
56: 55, 57, 30,
57: 56, 58, 15, 23,
58: 57, 59, 9,
59: 58, 60, 4, 7, 82, 97, 64, 72,
60: 59, 61, 0, 92, 89, 96,
61: 60, 62, 25, 78, 83,
62: 61, 63, 30, 81, 80,
63: 62, 64, 40, 80, 18, 44, 88,
64: 63, 65, 59,
65: 64, 66, 97, 54, 87, 20,
66: 65, 67, 26, 33, 82, 99,
67: 66, 68, 8, 11,
68: 67, 69, 34,
69: 68, 70, 42, 14, 79,
70: 69, 71, 11,
71: 70, 72, 36, 1, 82,
72: 71, 73, 40, 59, 76,
73: 72, 74, 18,
74: 73, 75, 34, 76,
75: 74, 76, 83,
76: 75, 77, 25, 48, 72, 22, 99, 40, 74,
77: 76, 78, 7,
78: 77, 79, 4, 61,
79: 78, 80, 69,
80: 79, 81, 27, 63, 34, 82, 25, 62, 95,
81: 80, 82, 18, 62, 16, 95, 93,
82: 81, 83, 34, 59, 80, 97, 71, 52, 66,
83: 82, 84, 75, 61, 46, 90,
84: 83, 85, 47, 88,
85: 84, 86, 35,
86: 85, 87, 40,
87: 86, 88, 40, 65,
88: 87, 89, 84, 63,
89: 88, 90, 60,
90: 89, 91, 83, 16,
91: 90, 92, 0,
92: 91, 93, 19, 60, 95, 47,
93: 92, 94, 81,
94: 93, 95, 19,
95: 94, 96, 33, 81, 92, 80, 99,
96: 95, 97, 60,
97: 96, 98, 59, 65, 82,
98: 97, 99, 40,
99: 98, 76, 95, 42, 18, 66, 40, 33, 25,
