100
0: 1, 32,
1: 0, 2, 74, 46,
2: 1, 3,
3: 2, 4,
4: 3, 5, 41,
5: 4, 6, 70, 48,
6: 5, 7, 41, 99,
7: 6, 8, 53, 73, 29, 75, 84, 58, 26,
8: 7, 9, 79,
9: 8, 10,
10: 9, 11, 73, 91, 43,
11: 10, 12, 85, 21, 16,
12: 11, 13, 17, 40,
13: 12, 14, 90, 31,
14: 13, 15, 62, 54, 87, 20, 79,
15: 14, 16, 28, 81, 39, 90,
16: 15, 17, 95, 11, 98, 56, 46,
17: 16, 18, 12,
18: 17, 19, 69, 47, 20,
19: 18, 20, 96, 45,
20: 19, 21, 14, 18, 57, 43, 48, 88,
21: 20, 22, 11, 44, 27,
22: 21, 23, 25, 97, 24, 45,
23: 22, 24, 27, 86, 41,
24: 23, 25, 68, 22, 74, 42, 92,
25: 24, 26, 22,
26: 25, 27, 7,
27: 26, 28, 23, 21, 94,
28: 27, 29, 15,
29: 28, 30, 7,
30: 29, 31, 66, 48,
31: 30, 32, 48, 45, 13, 91, 39, 72, 90, 97,
32: 31, 33, 0,
33: 32, 34, 81, 39,
34: 33, 35, 66,
35: 34, 36, 89, 90,
36: 35, 37, 55, 94,
37: 36, 38, 71, 90,
38: 37, 39, 60,
39: 38, 40, 33, 89, 31, 46, 15, 52, 66,
40: 39, 41, 12, 67, 79, 86,
41: 40, 42, 4, 6, 23,
42: 41, 43, 24, 46,
43: 42, 44, 65, 63, 80, 81, 10, 92, 20,
44: 43, 45, 21,
45: 44, 46, 31, 19, 22,
46: 45, 47, 16, 39, 42, 90, 1, 49,
47: 46, 48, 18,
48: 47, 49, 5, 31, 20, 30, 77, 86,
49: 48, 50, 46, 59,
50: 49, 51, 78, 71,
51: 50, 52, 90, 59,
52: 51, 53, 81, 39,
53: 52, 54, 7,
54: 53, 55, 14,
55: 54, 56, 36,
56: 55, 57, 16,
57: 56, 58, 20,
58: 57, 59, 7,
59: 58, 60, 49, 51, 83, 90,
60: 59, 61, 38,
61: 60, 62, 93,
62: 61, 63, 14,
63: 62, 64, 43,
64: 63, 65, 79, 90,
65: 64, 66, 43,
66: 65, 67, 30, 34, 95, 39,
67: 66, 68, 40,
68: 67, 69, 24,
69: 68, 70, 18,
70: 69, 71, 5,
71: 70, 72, 37, 50, 82,
72: 71, 73, 76, 31, 90, 92,
73: 72, 74, 7, 10,
74: 73, 75, 1, 24,
75: 74, 76, 7,
76: 75, 77, 72,
77: 76, 78, 48,
78: 77, 79, 50,
79: 78, 80, 8, 64, 40, 14, 93,
80: 79, 81, 43,
81: 80, 82, 15, 33, 43, 52,
82: 81, 83, 71,
83: 82, 84, 59,
84: 83, 85, 7,
85: 84, 86, 11,
86: 85, 87, 23, 48, 95, 40,
87: 86, 88, 14,
88: 87, 89, 20,
89: 88, 90, 35, 39,
90: 89, 91, 13, 46, 51, 64, 59, 37, 31, 72, 15, 35, 0, 0, 65, 0, 88, 90, 35, 39,
91: 90, 92, 10, 31,
92: 91, 93, 43, 72, 24,
93: 92, 94, 61, 79,
94: 93, 95, 36, 27, 97,
95: 94, 96, 16, 66, 86,
96: 95, 97, 19,
97: 96, 98, 22, 94, 31,
98: 97, 99, 16,
99: 98, 6,
