100
0: 1, 70, 27,
1: 0, 2, 93, 7, 34,
2: 1, 3, 8, 99, 21, 52,
3: 2, 4,
4: 3, 5,
5: 4, 6,
6: 5, 7, 60,
7: 6, 8, 1, 38, 42, 22,
8: 7, 9, 2,
9: 8, 10, 13, 28,
10: 9, 11, 54, 67, 25, 33,
11: 10, 12, 46, 41,
12: 11, 13, 51, 31,
13: 12, 14, 9,
14: 13, 15, 44, 78,
15: 14, 16, 20, 66,
16: 15, 17, 33, 61, 24, 55,
17: 16, 18, 52,
18: 17, 19, 72, 28,
19: 18, 20, 45, 40,
20: 19, 21, 15,
21: 20, 22, 2, 68, 71, 75,
22: 21, 23, 60, 7, 70, 41, 59, 87,
23: 22, 24, 46, 37,
24: 23, 25, 88, 32, 16, 51, 64, 71,
25: 24, 26, 10,
26: 25, 27, 57, 31,
27: 26, 28, 0, 86, 41,
28: 27, 29, 9, 38, 18, 71, 60, 94, 48,
29: 28, 30, 90, 88, 56,
30: 29, 31, 55, 59,
31: 30, 32, 12, 26,
32: 31, 33, 24,
33: 32, 34, 16, 74, 81, 10, 70, 77,
34: 33, 35, 1,
35: 34, 36, 51, 41,
36: 35, 37, 47, 39, 53,
37: 36, 38, 58, 85, 69, 41, 23, 65, 97,
38: 37, 39, 7, 28,
39: 38, 40, 36,
40: 39, 41, 19, 47,
41: 40, 42, 37, 11, 70, 98, 87, 35, 90, 27, 22, 80, 0, 0, 65, 0, 41, 43, 7,
42: 41, 43, 7,
43: 42, 44, 59, 85, 52, 78,
44: 43, 45, 14,
45: 44, 46, 19,
46: 45, 47, 11, 23,
47: 46, 48, 36, 52, 70, 76, 40, 97,
48: 47, 49, 88, 28, 91,
49: 48, 50, 65,
50: 49, 51, 63, 78,
51: 50, 52, 12, 35, 77, 24, 70, 91,
52: 51, 53, 17, 47, 88, 43, 89, 2, 80, 60, 84,
53: 52, 54, 36, 71,
54: 53, 55, 10,
55: 54, 56, 30, 16, 71,
56: 55, 57, 29, 77,
57: 56, 58, 26,
58: 57, 59, 37,
59: 58, 60, 43, 30, 22,
60: 59, 61, 6, 22, 28, 52, 79, 91, 92,
61: 60, 62, 16,
62: 61, 63, 91, 99, 92,
63: 62, 64, 50,
64: 63, 65, 24,
65: 64, 66, 37, 49,
66: 65, 67, 15, 69, 93, 96,
67: 66, 68, 10,
68: 67, 69, 21,
69: 68, 70, 37, 66, 92, 71,
70: 69, 71, 0, 22, 41, 47, 73, 82, 51, 33, 83, 95, 0, 0, 65, 0, 70, 72, 28, 53, 69, 21, 55, 24, 77, 92,
71: 70, 72, 28, 53, 69, 21, 55, 24, 77, 92,
72: 71, 73, 18,
73: 72, 74, 70,
74: 73, 75, 33,
75: 74, 76, 21, 77,
76: 75, 77, 47,
77: 76, 78, 51, 71, 56, 33, 88, 75,
78: 77, 79, 50, 96, 14, 43,
79: 78, 80, 60,
80: 79, 81, 52, 41, 87,
81: 80, 82, 33,
82: 81, 83, 70,
83: 82, 84, 70,
84: 83, 85, 52,
85: 84, 86, 37, 43,
86: 85, 87, 27,
87: 86, 88, 41, 22, 80,
88: 87, 89, 24, 29, 48, 52, 77,
89: 88, 90, 52,
90: 89, 91, 29, 41,
91: 90, 92, 60, 62, 48, 51,
92: 91, 93, 60, 69, 95, 62, 71,
93: 92, 94, 1, 66,
94: 93, 95, 28,
95: 94, 96, 92, 70,
96: 95, 97, 78, 66,
97: 96, 98, 37, 47,
98: 97, 99, 41,
99: 98, 2, 62,
