100
0: 1, 40, 97, 67, 57,
1: 0, 2, 73, 62, 8, 88, 34, 21, 74,
2: 1, 3, 4, 11,
3: 2, 4,
4: 3, 5, 2, 58,
5: 4, 6,
6: 5, 7, 15,
7: 6, 8,
8: 7, 9, 1,
9: 8, 10, 12, 80, 54, 96, 48, 72, 91, 92, 24, 27, 0, 0, 65, 0, 9, 11, 50,
10: 9, 11, 50,
11: 10, 12, 2, 44,
12: 11, 13, 9,
13: 12, 14, 28, 36, 50, 96, 88,
14: 13, 15, 83, 77,
15: 14, 16, 6,
16: 15, 17, 23, 20, 24, 43, 77,
17: 16, 18, 85, 47, 37, 28,
18: 17, 19, 27, 62, 60,
19: 18, 20, 99, 94,
20: 19, 21, 16, 55, 79, 93,
21: 20, 22, 81, 1, 44, 30, 77, 87,
22: 21, 23, 44, 69,
23: 22, 24, 16,
24: 23, 25, 16, 26, 87, 52, 9, 41, 71, 59, 45, 50, 0, 0, 65, 0, 24, 26, 53, 71, 49, 55, 93,
25: 24, 26, 53, 71, 49, 55, 93,
26: 25, 27, 24,
27: 26, 28, 18, 77, 56, 9, 33, 39, 63,
28: 27, 29, 13, 17, 63, 33,
29: 28, 30, 91, 63,
30: 29, 31, 21, 38,
31: 30, 32, 63, 98, 37, 87,
32: 31, 33, 92, 94,
33: 32, 34, 90, 27, 86, 76, 35, 28, 77, 72, 63, 64, 0, 0, 65, 0, 33, 35, 1, 65, 42,
34: 33, 35, 1, 65, 42,
35: 34, 36, 33, 71, 61, 93,
36: 35, 37, 13,
37: 36, 38, 17, 31, 61, 52, 78,
38: 37, 39, 83, 30, 84, 87,
39: 38, 40, 47, 27,
40: 39, 41, 0,
41: 40, 42, 24,
42: 41, 43, 91, 50, 34,
43: 42, 44, 16, 75, 60, 70,
44: 43, 45, 11, 21, 22,
45: 44, 46, 24, 82, 77,
46: 45, 47, 89, 59,
47: 46, 48, 17, 39,
48: 47, 49, 9,
49: 48, 50, 25, 51, 93,
50: 49, 51, 13, 42, 9, 24, 93,
51: 50, 52, 49,
52: 51, 53, 24, 37,
53: 52, 54, 25,
54: 53, 55, 9, 66, 94,
55: 54, 56, 20, 91, 70, 24, 87, 74, 97,
56: 55, 57, 27,
57: 56, 58, 0,
58: 57, 59, 4,
59: 58, 60, 24, 46,
60: 59, 61, 18, 43,
61: 60, 62, 35, 37,
62: 61, 63, 1, 18,
63: 62, 64, 28, 31, 33, 27, 29, 89, 68,
64: 63, 65, 84, 33, 93,
65: 64, 66, 34,
66: 65, 67, 54,
67: 66, 68, 0,
68: 67, 69, 95, 63, 87,
69: 68, 70, 22, 87,
70: 69, 71, 55, 43, 94, 77, 93,
71: 70, 72, 24, 25, 35,
72: 71, 73, 9, 33,
73: 72, 74, 1,
74: 73, 75, 55, 1,
75: 74, 76, 43,
76: 75, 77, 33,
77: 76, 78, 27, 33, 16, 45, 14, 70, 21, 87, 93,
78: 77, 79, 37, 80,
79: 78, 80, 20,
80: 79, 81, 9, 78,
81: 80, 82, 21,
82: 81, 83, 45,
83: 82, 84, 14, 38,
84: 83, 85, 64, 38, 94,
85: 84, 86, 17,
86: 85, 87, 33,
87: 86, 88, 24, 55, 69, 93, 21, 77, 68, 31, 38,
88: 87, 89, 1, 13,
89: 88, 90, 46, 63,
90: 89, 91, 33,
91: 90, 92, 9, 29, 42, 55,
92: 91, 93, 9, 32,
93: 92, 94, 87, 50, 49, 25, 35, 70, 77, 20, 64,
94: 93, 95, 70, 19, 54, 32, 84,
95: 94, 96, 68,
96: 95, 97, 9, 13,
97: 96, 98, 0, 55,
98: 97, 99, 31,
99: 98, 19,
