100
0: 1, 43, 70, 18, 39,
1: 0, 2, 83, 12, 99, 14, 45, 62,
2: 1, 3, 27, 20,
3: 2, 4,
4: 3, 5, 98,
5: 4, 6,
6: 5, 7, 62, 16, 30, 43,
7: 6, 8, 34,
8: 7, 9, 71, 94, 57,
9: 8, 10, 77,
10: 9, 11, 28, 24,
11: 10, 12, 61,
12: 11, 13, 1, 41, 40,
13: 12, 14, 46, 66,
14: 13, 15, 1, 21,
15: 14, 16, 40, 59, 84,
16: 15, 17, 6, 26, 88,
17: 16, 18, 32, 36,
18: 17, 19, 0, 37,
19: 18, 20, 99,
20: 19, 21, 2, 23,
21: 20, 22, 14,
22: 21, 23, 44, 36,
23: 22, 24, 82, 20, 43, 95,
24: 23, 25, 10,
25: 24, 26, 90, 64, 73, 60,
26: 25, 27, 16,
27: 26, 28, 2, 71, 36,
28: 27, 29, 10,
29: 28, 30, 97, 49, 40, 41,
30: 29, 31, 42, 6,
31: 30, 32, 78, 62,
32: 31, 33, 17,
33: 32, 34, 50, 70, 73,
34: 33, 35, 7,
35: 34, 36, 96, 39,
36: 35, 37, 65, 17, 22, 69, 27, 73, 99,
37: 36, 38, 95, 88, 18, 43, 73,
38: 37, 39, 51, 81, 43, 61,
39: 38, 40, 0, 35, 86,
40: 39, 41, 15, 29, 12, 84,
41: 40, 42, 12, 90, 29,
42: 41, 43, 30, 45, 99,
43: 42, 44, 0, 66, 38, 47, 55, 92, 93, 23, 37, 6, 0, 0, 65, 0, 41, 43, 30, 45, 99,
44: 43, 45, 22, 75, 66,
45: 44, 46, 43, 1, 95,
46: 45, 47, 13, 67, 56,
47: 46, 48, 43,
48: 47, 49, 61, 54,
49: 48, 50, 29,
50: 49, 51, 33,
51: 50, 52, 38, 53,
52: 51, 53, 58, 74, 85,
53: 52, 54, 51, 65,
54: 53, 55, 48,
55: 54, 56, 43, 60, 86,
56: 55, 57, 85, 46,
57: 56, 58, 8,
58: 57, 59, 52, 80, 67,
59: 58, 60, 15,
60: 59, 61, 55, 25,
61: 60, 62, 11, 48, 72, 38, 68,
62: 61, 63, 6, 1, 76, 89, 31, 91,
63: 62, 64, 84,
64: 63, 65, 25,
65: 64, 66, 36, 53,
66: 65, 67, 43, 44, 13, 72,
67: 66, 68, 46, 58, 87, 73, 99,
68: 67, 69, 73, 61,
69: 68, 70, 36,
70: 69, 71, 0, 33,
71: 70, 72, 8, 27,
72: 71, 73, 61, 66,
73: 72, 74, 25, 68, 67, 37, 36, 80, 33,
74: 73, 75, 52,
75: 74, 76, 44,
76: 75, 77, 62,
77: 76, 78, 9,
78: 77, 79, 31,
79: 78, 80, 89,
80: 79, 81, 58, 73,
81: 80, 82, 38,
82: 81, 83, 23,
83: 82, 84, 1,
84: 83, 85, 63, 40, 15, 95,
85: 84, 86, 56, 52,
86: 85, 87, 55, 39, 98,
87: 86, 88, 67,
88: 87, 89, 37, 16,
89: 88, 90, 62, 79,
90: 89, 91, 25, 41,
91: 90, 92, 62,
92: 91, 93, 43,
93: 92, 94, 43,
94: 93, 95, 8,
95: 94, 96, 37, 45, 84, 23,
96: 95, 97, 35,
97: 96, 98, 29,
98: 97, 99, 4, 86,
99: 98, 1, 19, 36, 43, 67,
