100
0: 1, 54, 34, 30,
1: 0, 2, 30, 55,
2: 1, 3, 91, 74, 34, 75,
3: 2, 4,
4: 3, 5,
5: 4, 6, 42, 15,
6: 5, 7, 17,
7: 6, 8, 29, 68, 26, 13,
8: 7, 9, 45,
9: 8, 10, 32, 51,
10: 9, 11, 50, 33,
11: 10, 12, 92, 39, 38,
12: 11, 13, 82, 18,
13: 12, 14, 7, 19,
14: 13, 15, 88, 16,
15: 14, 16, 5,
16: 15, 17, 32, 14, 57, 18, 60, 75,
17: 16, 18, 6, 22, 34,
18: 17, 19, 28, 55, 41, 83, 12, 16, 24, 25, 75,
19: 18, 20, 13, 91,
20: 19, 21, 83, 65, 23,
21: 20, 22, 57, 78, 28, 34,
22: 21, 23, 17,
23: 22, 24, 67, 20, 48, 73,
24: 23, 25, 18, 54, 40,
25: 24, 26, 18, 28,
26: 25, 27, 7, 97, 84,
27: 26, 28, 93, 34,
28: 27, 29, 18, 25, 21, 31, 70,
29: 28, 30, 7,
30: 29, 31, 1, 99, 0, 63, 40, 61, 84,
31: 30, 32, 38, 43, 28, 50, 47,
32: 31, 33, 9, 16,
33: 32, 34, 10,
34: 33, 35, 0, 95, 17, 65, 80, 2, 54, 21, 49, 27, 0, 0, 65, 0, 34, 36, 64, 87, 79,
35: 34, 36, 64, 87, 79,
36: 35, 37, 81, 40,
37: 36, 38, 40, 63,
38: 37, 39, 31, 48, 11, 73, 85,
39: 38, 40, 11,
40: 39, 41, 37, 30, 36, 98, 82, 24, 60,
41: 40, 42, 18,
42: 41, 43, 5,
43: 42, 44, 31,
44: 43, 45, 80, 76, 70,
45: 44, 46, 8,
46: 45, 47, 98, 93, 53, 89,
47: 46, 48, 31, 52, 84,
48: 47, 49, 38, 23, 55,
49: 48, 50, 34,
50: 49, 51, 10, 31, 79, 86,
51: 50, 52, 9, 55, 63,
52: 51, 53, 47,
53: 52, 54, 99, 89, 46, 96, 75,
54: 53, 55, 0, 24, 34, 70, 66,
55: 54, 56, 18, 51, 48, 1, 64, 59,
56: 55, 57, 93,
57: 56, 58, 16, 21,
58: 57, 59, 61, 85,
59: 58, 60, 99, 55, 81,
60: 59, 61, 40, 16, 75, 65, 89,
61: 60, 62, 58, 30,
62: 61, 63, 95,
63: 62, 64, 30, 51, 37,
64: 63, 65, 35, 55,
65: 64, 66, 20, 34, 60,
66: 65, 67, 54, 94, 78,
67: 66, 68, 23,
68: 67, 69, 7,
69: 68, 70, 84, 72,
70: 69, 71, 54, 28, 44,
71: 70, 72, 86,
72: 71, 73, 69, 79,
73: 72, 74, 23, 38, 90, 97,
74: 73, 75, 2,
75: 74, 76, 60, 2, 77, 18, 16, 94, 99, 53,
76: 75, 77, 44,
77: 76, 78, 75,
78: 77, 79, 21, 66,
79: 78, 80, 50, 72, 35, 97,
80: 79, 81, 34, 44,
81: 80, 82, 36, 59,
82: 81, 83, 12, 40,
83: 82, 84, 18, 20,
84: 83, 85, 69, 47, 26, 30,
85: 84, 86, 58, 38,
86: 85, 87, 71, 50,
87: 86, 88, 35,
88: 87, 89, 14,
89: 88, 90, 53, 46, 60,
90: 89, 91, 73,
91: 90, 92, 2, 19, 93,
92: 91, 93, 11,
93: 92, 94, 27, 46, 56, 91,
94: 93, 95, 66, 75,
95: 94, 96, 34, 62,
96: 95, 97, 53,
97: 96, 98, 26, 79, 73, 99,
98: 97, 99, 40, 46,
99: 98, 30, 53, 59, 75, 97,
