100
0: 1, 64, 4,
1: 0, 2, 54, 27,
2: 1, 3,
3: 2, 4,
4: 3, 5, 0, 79,
5: 4, 6, 9,
6: 5, 7, 36, 77, 80, 13,
7: 6, 8, 78,
8: 7, 9, 83, 93,
9: 8, 10, 5, 20, 52,
10: 9, 11, 85, 22,
11: 10, 12, 64, 46, 30, 32,
12: 11, 13, 34, 26,
13: 12, 14, 52, 59, 6,
14: 13, 15, 65, 57, 23, 54, 25, 39, 22, 43,
15: 14, 16, 89, 94, 23, 31,
16: 15, 17, 51, 27,
17: 16, 18, 74, 53, 85, 21, 83, 56,
18: 17, 19, 43, 44,
19: 18, 20, 60, 37,
20: 19, 21, 9,
21: 20, 22, 17, 88, 76,
22: 21, 23, 14, 26, 10, 25,
23: 22, 24, 14, 15, 55, 59, 35,
24: 23, 25, 92,
25: 24, 26, 14, 22, 35,
26: 25, 27, 22, 12, 39,
27: 26, 28, 1, 16,
28: 27, 29, 97,
29: 28, 30, 41, 68,
30: 29, 31, 11, 47, 43, 49,
31: 30, 32, 43, 15, 44,
32: 31, 33, 91, 73, 88, 11, 70, 83,
33: 32, 34, 57, 43,
34: 33, 35, 12,
35: 34, 36, 25, 23, 67, 71,
36: 35, 37, 6, 75,
37: 36, 38, 19, 45,
38: 37, 39, 59, 87, 49, 62,
39: 38, 40, 14, 26, 68,
40: 39, 41, 72, 48, 58, 43, 50,
41: 40, 42, 29, 73, 86, 56, 70,
42: 41, 43, 48, 96,
43: 42, 44, 18, 31, 14, 95, 40, 71, 30, 33,
44: 43, 45, 69, 31, 18, 98,
45: 44, 46, 37,
46: 45, 47, 11,
47: 46, 48, 30,
48: 47, 49, 40, 42,
49: 48, 50, 30, 66, 38, 63,
50: 49, 51, 62, 40,
51: 50, 52, 16,
52: 51, 53, 13, 9, 83,
53: 52, 54, 17,
54: 53, 55, 1, 14,
55: 54, 56, 23,
56: 55, 57, 17, 41, 82,
57: 56, 58, 14, 33,
58: 57, 59, 40,
59: 58, 60, 13, 23, 38, 79,
60: 59, 61, 19,
61: 60, 62, 96, 64,
62: 61, 63, 50, 38,
63: 62, 64, 84, 49,
64: 63, 65, 0, 11, 61, 83,
65: 64, 66, 14,
66: 65, 67, 49,
67: 66, 68, 35,
68: 67, 69, 39, 97, 29,
69: 68, 70, 44,
70: 69, 71, 32, 85, 81, 99, 41, 82,
71: 70, 72, 35, 43,
72: 71, 73, 40,
73: 72, 74, 32, 41,
74: 73, 75, 17,
75: 74, 76, 36,
76: 75, 77, 21,
77: 76, 78, 6,
78: 77, 79, 7,
79: 78, 80, 4, 59,
80: 79, 81, 6,
81: 80, 82, 70,
82: 81, 83, 56, 90, 84, 70,
83: 82, 84, 8, 17, 64, 52, 32,
84: 83, 85, 63, 82,
85: 84, 86, 10, 17, 70,
86: 85, 87, 41,
87: 86, 88, 38,
88: 87, 89, 21, 32,
89: 88, 90, 15,
90: 89, 91, 82,
91: 90, 92, 32,
92: 91, 93, 24,
93: 92, 94, 8,
94: 93, 95, 15,
95: 94, 96, 43,
96: 95, 97, 61, 42,
97: 96, 98, 28, 68,
98: 97, 99, 44,
99: 98, 70,
