100
0: 1, 17, 12,
1: 0, 2, 7, 19,
2: 1, 3,
3: 2, 4,
4: 3, 5, 80, 49, 96, 18,
5: 4, 6, 50,
6: 5, 7,
7: 6, 8, 1, 46, 22, 47, 91, 35, 63, 69,
8: 7, 9, 83, 42,
9: 8, 10, 28, 32, 67, 72,
10: 9, 11,
11: 10, 12, 97, 25,
12: 11, 13, 0, 48,
13: 12, 14, 74, 41,
14: 13, 15, 74, 53, 92,
15: 14, 16, 74, 54, 30, 47,
16: 15, 17, 20, 65,
17: 16, 18, 0,
18: 17, 19, 4, 40, 94,
19: 18, 20, 92, 1, 29, 94,
20: 19, 21, 16, 62,
21: 20, 22, 86, 31,
22: 21, 23, 7, 36, 75,
23: 22, 24, 64, 26,
24: 23, 25, 65,
25: 24, 26, 39, 77, 11, 38, 92,
26: 25, 27, 23, 78, 41,
27: 26, 28, 46, 79, 40, 43, 52, 67,
28: 27, 29, 9, 57, 67,
29: 28, 30, 19, 41,
30: 29, 31, 50, 15, 99, 92,
31: 30, 32, 21, 49,
32: 31, 33, 9, 59, 94,
33: 32, 34, 86,
34: 33, 35, 70, 88,
35: 34, 36, 7,
36: 35, 37, 22, 93, 47,
37: 36, 38, 51, 90, 67,
38: 37, 39, 25, 92, 49, 87, 93,
39: 38, 40, 25,
40: 39, 41, 18, 27,
41: 40, 42, 76, 49, 29, 26, 13,
42: 41, 43, 68, 8, 69, 94, 67, 47, 61,
43: 42, 44, 27, 66, 48, 47,
44: 43, 45, 92,
45: 44, 46, 74,
46: 45, 47, 7, 27,
47: 46, 48, 7, 42, 36, 79, 15, 43,
48: 47, 49, 43, 12, 95,
49: 48, 50, 4, 38, 41, 31, 76, 67, 71,
50: 49, 51, 5, 30,
51: 50, 52, 37,
52: 51, 53, 66, 27,
53: 52, 54, 14,
54: 53, 55, 15,
55: 54, 56, 92, 67,
56: 55, 57, 58,
57: 56, 58, 28, 73, 99,
58: 57, 59, 56, 82,
59: 58, 60, 32,
60: 59, 61, 89, 94, 84, 64,
61: 60, 62, 97, 42,
62: 61, 63, 20, 71,
63: 62, 64, 7,
64: 63, 65, 23, 60,
65: 64, 66, 24, 16,
66: 65, 67, 43, 52,
67: 66, 68, 42, 81, 49, 74, 55, 9, 28, 37, 27,
68: 67, 69, 42, 98,
69: 68, 70, 7, 42,
70: 69, 71, 34, 92,
71: 70, 72, 62, 49,
72: 71, 73, 9, 88,
73: 72, 74, 57,
74: 73, 75, 13, 14, 15, 45, 67, 85,
75: 74, 76, 22,
76: 75, 77, 41, 49, 92,
77: 76, 78, 25,
78: 77, 79, 26,
79: 78, 80, 27, 47,
80: 79, 81, 4,
81: 80, 82, 67,
82: 81, 83, 58,
83: 82, 84, 8,
84: 83, 85, 60,
85: 84, 86, 74,
86: 85, 87, 21, 33,
87: 86, 88, 38,
88: 87, 89, 34, 72,
89: 88, 90, 60,
90: 89, 91, 37,
91: 90, 92, 7,
92: 91, 93, 19, 38, 44, 55, 70, 76, 25, 30, 14,
93: 92, 94, 36, 38,
94: 93, 95, 42, 60, 32, 18, 19,
95: 94, 96, 48, 98,
96: 95, 97, 4,
97: 96, 98, 11, 61,
98: 97, 99, 68, 95,
99: 98, 30, 57,
