100
0: 1, 62,
1: 0, 2, 49, 94, 92, 63, 13, 5, 26,
2: 1, 3,
3: 2, 4, 45, 22, 5,
4: 3, 5,
5: 4, 6, 69, 70, 18, 1, 44, 32, 3,
6: 5, 7, 72, 42,
7: 6, 8,
8: 7, 9, 99, 34,
9: 8, 10,
10: 9, 11, 45, 96, 82, 79, 75,
11: 10, 12, 83, 43,
12: 11, 13, 26, 31,
13: 12, 14, 1,
14: 13, 15, 81,
15: 14, 16, 39, 66, 37, 74,
16: 15, 17, 22, 71, 76,
17: 16, 18, 58, 42, 55, 57,
18: 17, 19, 5,
19: 18, 20, 91, 56, 27, 48,
20: 19, 21, 56, 36,
21: 20, 22, 28, 64, 48,
22: 21, 23, 3, 16,
23: 22, 24, 98, 60,
24: 23, 25, 69, 26,
25: 24, 26, 69, 93, 35, 37, 86,
26: 25, 27, 12, 41, 67, 33, 1, 72, 86, 24, 76, 88, 0, 0, 65, 0, 24, 26, 69, 93, 35, 37, 86,
27: 26, 28, 19, 46, 73,
28: 27, 29, 21,
29: 28, 30, 69, 79,
30: 29, 31, 53, 48, 74, 94, 64, 97, 78, 85, 92, 93, 0, 0, 65, 0, 28, 30, 69, 79,
31: 30, 32, 38, 12,
32: 31, 33, 5,
33: 32, 34, 26,
34: 33, 35, 8,
35: 34, 36, 25, 99, 59,
36: 35, 37, 51, 87, 76, 47, 20, 88,
37: 36, 38, 15, 57, 84, 61, 25, 58, 85, 88,
38: 37, 39, 31,
39: 38, 40, 15,
40: 39, 41, 46, 52, 72, 78,
41: 40, 42, 26,
42: 41, 43, 17, 68, 6, 85, 73, 76, 79,
43: 42, 44, 11,
44: 43, 45, 5,
45: 44, 46, 3, 10,
46: 45, 47, 27, 40, 65, 90, 79, 92,
47: 46, 48, 36,
48: 47, 49, 30, 19, 87, 80, 21, 60, 79,
49: 48, 50, 1,
50: 49, 51, 67, 92, 76, 88,
51: 50, 52, 36,
52: 51, 53, 40,
53: 52, 54, 30,
54: 53, 55, 68,
55: 54, 56, 17, 78,
56: 55, 57, 19, 20,
57: 56, 58, 37, 90, 17,
58: 57, 59, 17, 37, 68, 89,
59: 58, 60, 35, 88,
60: 59, 61, 23, 48, 85,
61: 60, 62, 37,
62: 61, 63, 0,
63: 62, 64, 1,
64: 63, 65, 21, 30,
65: 64, 66, 46,
66: 65, 67, 15,
67: 66, 68, 26, 50,
68: 67, 69, 42, 54, 58,
69: 68, 70, 5, 24, 25, 29,
70: 69, 71, 5,
71: 70, 72, 16,
72: 71, 73, 6, 26, 40,
73: 72, 74, 42, 27,
74: 73, 75, 30, 15, 78,
75: 74, 76, 10,
76: 75, 77, 36, 50, 42, 26, 16, 78,
77: 76, 78, 97,
78: 77, 79, 40, 55, 30, 76, 74,
79: 78, 80, 10, 46, 48, 29, 42,
80: 79, 81, 48,
81: 80, 82, 14,
82: 81, 83, 10,
83: 82, 84, 11,
84: 83, 85, 37,
85: 84, 86, 42, 30, 60, 37,
86: 85, 87, 26, 25, 88,
87: 86, 88, 36, 48,
88: 87, 89, 37, 26, 95, 86, 36, 59, 50,
89: 88, 90, 58,
90: 89, 91, 46, 57,
91: 90, 92, 19,
92: 91, 93, 1, 50, 46, 30,
93: 92, 94, 25, 30,
94: 93, 95, 1, 30,
95: 94, 96, 88,
96: 95, 97, 10,
97: 96, 98, 30, 77,
98: 97, 99, 23,
99: 98, 8, 35,
