100
0: 1, 81, 54, 11, 74,
1: 0, 2, 47,
2: 1, 3, 25, 12,
3: 2, 4,
4: 3, 5,
5: 4, 6, 91, 36,
6: 5, 7, 40, 10,
7: 6, 8, 81, 42,
8: 7, 9, 25, 78,
9: 8, 10, 57, 43,
10: 9, 11, 6, 33, 21, 69,
11: 10, 12, 0, 67, 32,
12: 11, 13, 2, 92,
13: 12, 14, 18,
14: 13, 15, 61, 37, 63, 50,
15: 14, 16, 41, 20,
16: 15, 17, 62, 45, 79,
17: 16, 18, 78, 57, 31, 56, 66,
18: 17, 19, 13, 32, 65,
19: 18, 20, 71, 73, 53, 99,
20: 19, 21, 15, 87, 23,
21: 20, 22, 10,
22: 21, 23, 46, 43,
23: 22, 24, 20, 51, 30, 98,
24: 23, 25, 95, 27,
25: 24, 26, 2, 8,
26: 25, 27, 66,
27: 26, 28, 24, 59,
28: 27, 29, 43,
29: 28, 30, 44, 51,
30: 29, 31, 58, 23, 85, 94,
31: 30, 32, 17, 49, 60,
32: 31, 33, 11, 18,
33: 32, 34, 10,
34: 33, 35, 55, 86, 38, 48,
35: 34, 36, 42, 96,
36: 35, 37, 5,
37: 36, 38, 14,
38: 37, 39, 83, 34, 59,
39: 38, 40, 48,
40: 39, 41, 6,
41: 40, 42, 15, 52, 51,
42: 41, 43, 35, 44, 50, 83, 7,
43: 42, 44, 28, 88, 9, 49, 22, 96,
44: 43, 45, 29, 42,
45: 44, 46, 16, 48,
46: 45, 47, 22,
47: 46, 48, 1,
48: 47, 49, 39, 45, 34, 93, 89,
49: 48, 50, 31, 43,
50: 49, 51, 42, 76, 14, 88,
51: 50, 52, 23, 41, 56, 64, 29,
52: 51, 53, 41, 95, 79,
53: 52, 54, 19, 77,
54: 53, 55, 0,
55: 54, 56, 34, 82, 75,
56: 55, 57, 51, 17,
57: 56, 58, 9, 17,
58: 57, 59, 30,
59: 58, 60, 38, 27, 72, 78,
60: 59, 61, 31, 80,
61: 60, 62, 14,
62: 61, 63, 16,
63: 62, 64, 14,
64: 63, 65, 51,
65: 64, 66, 18,
66: 65, 67, 26, 17,
67: 66, 68, 11,
68: 67, 69, 90,
69: 68, 70, 10, 84, 97,
70: 69, 71, 89,
71: 70, 72, 19,
72: 71, 73, 59,
73: 72, 74, 19,
74: 73, 75, 0, 96, 84,
75: 74, 76, 55, 96,
76: 75, 77, 50,
77: 76, 78, 53,
78: 77, 79, 17, 59, 8,
79: 78, 80, 16, 52,
80: 79, 81, 60, 93,
81: 80, 82, 0, 7,
82: 81, 83, 55,
83: 82, 84, 38, 42,
84: 83, 85, 69, 74,
85: 84, 86, 30,
86: 85, 87, 34,
87: 86, 88, 20,
88: 87, 89, 43, 50,
89: 88, 90, 70, 48,
90: 89, 91, 68,
91: 90, 92, 5,
92: 91, 93, 12,
93: 92, 94, 48, 80,
94: 93, 95, 30,
95: 94, 96, 24, 52,
96: 95, 97, 74, 43, 35, 75,
97: 96, 98, 69,
98: 97, 99, 23,
99: 98, 19,
