100
0: 1, 94,
1: 0, 2, 32, 19,
2: 1, 3,
3: 2, 4,
4: 3, 5, 13,
5: 4, 6, 35, 47,
6: 5, 7, 9,
7: 6, 8, 34, 24, 77, 63, 50, 96,
8: 7, 9,
9: 8, 10, 6,
10: 9, 11, 73, 24,
11: 10, 12, 14, 80, 24, 36,
12: 11, 13, 76, 38,
13: 12, 14, 4, 98,
14: 13, 15, 11, 49, 90, 66,
15: 14, 16, 28, 19,
16: 15, 17, 53, 64,
17: 16, 18, 23, 29,
18: 17, 19, 26, 99,
19: 18, 20, 15, 31, 1,
20: 19, 21, 42, 81, 36, 88,
21: 20, 22, 74, 70, 60, 97,
22: 21, 23, 46, 24,
23: 22, 24, 17,
24: 23, 25, 7, 10, 11, 22, 37, 53, 88,
25: 24, 26, 43, 40, 85, 71, 82, 88, 42, 46,
26: 25, 27, 18,
27: 26, 28, 69, 41, 79, 93, 33,
28: 27, 29, 15, 69, 52,
29: 28, 30, 83, 17, 58, 79,
30: 29, 31, 44, 39,
31: 30, 32, 19,
32: 31, 33, 1, 45, 87, 86,
33: 32, 34, 91, 27, 75, 79,
34: 33, 35, 7,
35: 34, 36, 5,
36: 35, 37, 20, 11, 55, 89, 52, 53, 88,
37: 36, 38, 48, 24, 59,
38: 37, 39, 12, 54,
39: 38, 40, 78, 30, 68, 79,
40: 39, 41, 25,
41: 40, 42, 27,
42: 41, 43, 20, 83, 25, 84, 71, 92,
43: 42, 44, 25,
44: 43, 45, 30,
45: 44, 46, 32, 61, 65, 97, 56,
46: 45, 47, 22, 25, 72,
47: 46, 48, 5,
48: 47, 49, 37,
49: 48, 50, 14, 95,
50: 49, 51, 7,
51: 50, 52, 84, 88,
52: 51, 53, 28, 90, 62, 36, 65, 68,
53: 52, 54, 16, 61, 86, 36, 67, 57, 24,
54: 53, 55, 38,
55: 54, 56, 36,
56: 55, 57, 45,
57: 56, 58, 53,
58: 57, 59, 29, 63, 61,
59: 58, 60, 37,
60: 59, 61, 21, 76, 84, 86,
61: 60, 62, 45, 53, 70, 58,
62: 61, 63, 52,
63: 62, 64, 7, 58,
64: 63, 65, 16,
65: 64, 66, 45, 52,
66: 65, 67, 14,
67: 66, 68, 53,
68: 67, 69, 39, 52,
69: 68, 70, 27, 28, 82,
70: 69, 71, 21, 61,
71: 70, 72, 25, 42, 86,
72: 71, 73, 46, 86,
73: 72, 74, 10,
74: 73, 75, 21,
75: 74, 76, 33, 86,
76: 75, 77, 12, 60,
77: 76, 78, 7,
78: 77, 79, 39,
79: 78, 80, 27, 33, 29, 39, 86,
80: 79, 81, 11,
81: 80, 82, 20,
82: 81, 83, 25, 69,
83: 82, 84, 29, 42,
84: 83, 85, 42, 51, 60, 88,
85: 84, 86, 25,
86: 85, 87, 53, 79, 60, 32, 75, 72, 71, 88,
87: 86, 88, 32,
88: 87, 89, 25, 86, 51, 24, 36, 84, 20,
89: 88, 90, 36,
90: 89, 91, 14, 52,
91: 90, 92, 33,
92: 91, 93, 42,
93: 92, 94, 27,
94: 93, 95, 0,
95: 94, 96, 49,
96: 95, 97, 7,
97: 96, 98, 45, 21,
98: 97, 99, 13,
99: 98, 18,
