100
0: 1, 25, 23,
1: 0, 2, 84, 73,
2: 1, 3,
3: 2, 4,
4: 3, 5, 29, 9,
5: 4, 6, 49, 93, 10,
6: 5, 7, 28, 93, 14, 80,
7: 6, 8, 42, 37,
8: 7, 9, 26, 91, 16,
9: 8, 10, 4,
10: 9, 11, 5,
11: 10, 12, 43, 27,
12: 11, 13, 89, 92, 33,
13: 12, 14, 96, 74,
14: 13, 15, 6, 30, 73,
15: 14, 16, 45, 21, 36, 57,
16: 15, 17, 57, 8, 62,
17: 16, 18, 28, 31, 80, 55, 87, 94,
18: 17, 19, 60, 40,
19: 18, 20, 54, 96,
20: 19, 21, 97, 56, 42, 68,
21: 20, 22, 15,
22: 21, 23, 53, 86,
23: 22, 24, 85, 0, 72, 62, 94,
24: 23, 25, 94, 61, 58,
25: 24, 26, 0, 88,
26: 25, 27, 8,
27: 26, 28, 11, 66,
28: 27, 29, 6, 17, 66, 65,
29: 28, 30, 4,
30: 29, 31, 14,
31: 30, 32, 17, 44, 50,
32: 31, 33, 34, 68,
33: 32, 34, 90, 12, 77,
34: 33, 35, 32, 76, 77,
35: 34, 36, 74, 52,
36: 35, 37, 15, 42, 82,
37: 36, 38, 64, 7, 66,
38: 37, 39, 74, 68,
39: 38, 40, 68, 77,
40: 39, 41, 18, 94,
41: 40, 42, 86, 85, 48, 50,
42: 41, 43, 7, 36, 20, 78, 71,
43: 42, 44, 11,
44: 43, 45, 31,
45: 44, 46, 15, 98, 55,
46: 45, 47, 63, 94,
47: 46, 48, 99, 57,
48: 47, 49, 41, 87,
49: 48, 50, 5,
50: 49, 51, 55, 72, 41, 31, 57,
51: 50, 52, 57, 75, 77,
52: 51, 53, 35, 69,
53: 52, 54, 22,
54: 53, 55, 19,
55: 54, 56, 50, 83, 88, 45, 63, 17, 98, 71, 81,
56: 55, 57, 20,
57: 56, 58, 16, 51, 50, 47, 15, 59, 98, 74, 94,
58: 57, 59, 24, 73,
59: 58, 60, 57,
60: 59, 61, 18,
61: 60, 62, 24,
62: 61, 63, 23, 16, 66,
63: 62, 64, 46, 55,
64: 63, 65, 37,
65: 64, 66, 28, 71,
66: 65, 67, 28, 70, 37, 27, 62,
67: 66, 68, 73,
68: 67, 69, 39, 82, 32, 38, 20, 73, 77, 94,
69: 68, 70, 52, 82,
70: 69, 71, 66, 89, 77,
71: 70, 72, 65, 42, 55, 73, 87,
72: 71, 73, 23, 50,
73: 72, 74, 67, 14, 58, 68, 71, 79, 1, 95,
74: 73, 75, 35, 38, 57, 13, 94,
75: 74, 76, 51,
76: 75, 77, 34,
77: 76, 78, 89, 94, 68, 33, 51, 98, 86, 39, 70, 34, 0, 0, 65, 0, 77, 79, 42,
78: 77, 79, 42,
79: 78, 80, 73,
80: 79, 81, 6, 17,
81: 80, 82, 55,
82: 81, 83, 68, 36, 69, 94,
83: 82, 84, 55,
84: 83, 85, 1,
85: 84, 86, 23, 41,
86: 85, 87, 22, 41, 77,
87: 86, 88, 17, 71, 48,
88: 87, 89, 25, 55,
89: 88, 90, 12, 70, 77,
90: 89, 91, 33,
91: 90, 92, 8,
92: 91, 93, 12,
93: 92, 94, 5, 6,
94: 93, 95, 24, 77, 40, 74, 68, 82, 23, 46, 57, 17, 0, 0, 65, 0, 94, 96, 73,
95: 94, 96, 73,
96: 95, 97, 13, 19,
97: 96, 98, 20,
98: 97, 99, 45, 55, 57, 77,
99: 98, 47,
