100
0: 1, 44, 11, 15, 17,
1: 0, 2, 75, 78, 38, 71,
2: 1, 3, 98, 42, 16,
3: 2, 4,
4: 3, 5,
5: 4, 6, 53,
6: 5, 7, 66, 23,
7: 6, 8, 35, 10,
8: 7, 9, 50, 86, 41,
9: 8, 10, 92, 99, 73,
10: 9, 11, 7, 56,
11: 10, 12, 0,
12: 11, 13, 97, 28, 93,
13: 12, 14, 86, 79, 62, 80, 27, 94, 63, 25, 41, 28, 0, 0, 65, 0, 13, 15, 83, 18, 38, 45,
14: 13, 15, 83, 18, 38, 45,
15: 14, 16, 40, 44, 18, 0, 21,
16: 15, 17, 2, 24, 78,
17: 16, 18, 49, 0, 41, 82,
18: 17, 19, 15, 14, 74,
19: 18, 20, 85, 27,
20: 19, 21, 46, 48,
21: 20, 22, 15, 23,
22: 21, 23, 98, 36,
23: 22, 24, 6, 21, 32, 39,
24: 23, 25, 16, 94,
25: 24, 26, 13,
26: 25, 27, 28, 79,
27: 26, 28, 13, 70, 19, 33, 34,
28: 27, 29, 12, 13, 26,
29: 28, 30, 54,
30: 29, 31, 96, 79, 88,
31: 30, 32, 67,
32: 31, 33, 23, 40,
33: 32, 34, 27, 45,
34: 33, 35, 42, 61, 27,
35: 34, 36, 7, 37, 72,
36: 35, 37, 46, 22,
37: 36, 38, 35,
38: 37, 39, 1, 13, 57, 54, 58, 68,
39: 38, 40, 23, 62, 72,
40: 39, 41, 15, 32,
41: 40, 42, 13, 17, 86, 58, 64, 8, 88,
42: 41, 43, 2, 34, 75, 59, 47, 60,
43: 42, 44, 91, 82,
44: 43, 45, 0, 15,
45: 44, 46, 33, 86, 13, 82,
46: 45, 47, 20, 36, 73, 55,
47: 46, 48, 42, 52, 54, 76,
48: 47, 49, 20, 55,
49: 48, 50, 17, 55, 52,
50: 49, 51, 8,
51: 50, 52, 68,
52: 51, 53, 47, 49, 69,
53: 52, 54, 5, 90, 79,
54: 53, 55, 29, 38, 81, 47, 75, 78,
55: 54, 56, 49, 46, 67, 48, 78, 65,
56: 55, 57, 10,
57: 56, 58, 38,
58: 57, 59, 41, 84, 38,
59: 58, 60, 42,
60: 59, 61, 42, 79,
61: 60, 62, 34,
62: 61, 63, 13, 39,
63: 62, 64, 13, 65, 87, 79, 95,
64: 63, 65, 41,
65: 64, 66, 63, 77, 55, 73, 72,
66: 65, 67, 6,
67: 66, 68, 31, 55,
68: 67, 69, 51, 38,
69: 68, 70, 52, 88,
70: 69, 71, 27,
71: 70, 72, 77, 1, 79,
72: 71, 73, 65, 39, 35,
73: 72, 74, 46, 65, 9,
74: 73, 75, 18, 89,
75: 74, 76, 1, 42, 54,
76: 75, 77, 47, 82,
77: 76, 78, 65, 71, 82,
78: 77, 79, 1, 55, 16, 54,
79: 78, 80, 13, 26, 30, 71, 60, 99, 53, 63,
80: 79, 81, 13,
81: 80, 82, 54,
82: 81, 83, 76, 77, 17, 45, 43,
83: 82, 84, 14,
84: 83, 85, 58,
85: 84, 86, 19,
86: 85, 87, 8, 13, 41, 45,
87: 86, 88, 63,
88: 87, 89, 41, 30, 69,
89: 88, 90, 74,
90: 89, 91, 53,
91: 90, 92, 43,
92: 91, 93, 9,
93: 92, 94, 12,
94: 93, 95, 13, 24,
95: 94, 96, 63, 99,
96: 95, 97, 30,
97: 96, 98, 12,
98: 97, 99, 2, 22,
99: 98, 9, 79, 95,
