100
0: 1, 68, 78,
1: 0, 2, 36, 8, 60, 67,
2: 1, 3,
3: 2, 4, 45, 7, 50, 9, 83,
4: 3, 5,
5: 4, 6, 91, 9,
6: 5, 7, 79, 38,
7: 6, 8, 3,
8: 7, 9, 1, 35, 13,
9: 8, 10, 3, 27, 33, 40, 21, 5, 49,
10: 9, 11, 64, 47, 74, 39,
11: 10, 12, 66, 25, 23, 90,
12: 11, 13, 23, 54,
13: 12, 14, 8, 27, 39,
14: 13, 15, 47, 20,
15: 14, 16, 85, 77, 17, 57,
16: 15, 17, 39, 51,
17: 16, 18, 15, 67,
18: 17, 19, 95, 58,
19: 18, 20, 75, 29,
20: 19, 21, 73, 51, 70, 84, 24, 14, 33, 69, 89, 91, 0, 0, 65, 0, 20, 22, 9,
21: 20, 22, 9,
22: 21, 23, 57, 55, 37,
23: 22, 24, 12, 11, 44,
24: 23, 25, 20, 96, 46, 26, 28,
25: 24, 26, 11,
26: 25, 27, 64, 24, 75, 92,
27: 26, 28, 9, 13, 59, 48,
28: 27, 29, 24, 43,
29: 28, 30, 19, 94, 32, 74,
30: 29, 31, 65, 37,
31: 30, 32, 41, 33,
32: 31, 33, 62, 29,
33: 32, 34, 9, 20, 31, 84, 53, 93,
34: 33, 35, 56, 71, 78,
35: 34, 36, 8,
36: 35, 37, 1,
37: 36, 38, 22, 30, 42,
38: 37, 39, 6, 76, 73,
39: 38, 40, 16, 13, 10, 92, 88, 74,
40: 39, 41, 9,
41: 40, 42, 31,
42: 41, 43, 52, 61, 37, 80,
43: 42, 44, 28, 74,
44: 43, 45, 23,
45: 44, 46, 3, 98, 61, 65, 89,
46: 45, 47, 24,
47: 46, 48, 10, 14,
48: 47, 49, 27, 69,
49: 48, 50, 9,
50: 49, 51, 3,
51: 50, 52, 20, 16, 69,
52: 51, 53, 42,
53: 52, 54, 33, 58, 86,
54: 53, 55, 12,
55: 54, 56, 22,
56: 55, 57, 34,
57: 56, 58, 22, 15,
58: 57, 59, 53, 18,
59: 58, 60, 27,
60: 59, 61, 1, 74,
61: 60, 62, 42, 45,
62: 61, 63, 32,
63: 62, 64, 80, 97,
64: 63, 65, 10, 26,
65: 64, 66, 30, 45, 72,
66: 65, 67, 11,
67: 66, 68, 1, 17, 82,
68: 67, 69, 0,
69: 68, 70, 48, 20, 51, 87, 72,
70: 69, 71, 20,
71: 70, 72, 34, 98,
72: 71, 73, 69, 90, 81, 65,
73: 72, 74, 20, 38,
74: 73, 75, 10, 29, 39, 43, 60, 86,
75: 74, 76, 19, 26,
76: 75, 77, 38,
77: 76, 78, 15,
78: 77, 79, 93, 34, 0,
79: 78, 80, 6,
80: 79, 81, 63, 99, 42,
81: 80, 82, 72,
82: 81, 83, 67,
83: 82, 84, 3,
84: 83, 85, 20, 33,
85: 84, 86, 15,
86: 85, 87, 74, 53,
87: 86, 88, 69,
88: 87, 89, 39,
89: 88, 90, 45, 20,
90: 89, 91, 72, 11,
91: 90, 92, 5, 20,
92: 91, 93, 39, 26,
93: 92, 94, 78, 33,
94: 93, 95, 29,
95: 94, 96, 18,
96: 95, 97, 24,
97: 96, 98, 63,
98: 97, 99, 45, 71,
99: 98, 80,
