100
0: 1, 38, 36,
1: 0, 2, 59, 90,
2: 1, 3,
3: 2, 4,
4: 3, 5, 35, 74,
5: 4, 6, 83, 19,
6: 5, 7, 50, 22,
7: 6, 8, 26, 14,
8: 7, 9, 44, 60, 30, 77,
9: 8, 10, 73, 50,
10: 9, 11, 52, 23,
11: 10, 12, 19, 16,
12: 11, 13, 21, 17,
13: 12, 14, 33, 22,
14: 13, 15, 88, 7, 29, 30,
15: 14, 16, 45, 41,
16: 15, 17, 11,
17: 16, 18, 12, 19,
18: 17, 19, 75,
19: 18, 20, 11, 72, 65, 77, 5, 17, 66, 70,
20: 19, 21, 57,
21: 20, 22, 12,
22: 21, 23, 25, 47, 34, 6, 13, 28,
23: 22, 24, 10, 80, 28, 43,
24: 23, 25, 76, 67,
25: 24, 26, 22,
26: 25, 27, 7,
27: 26, 28, 62, 40,
28: 27, 29, 23, 86, 22, 77, 95, 81, 84, 63, 31, 91, 0, 0, 65, 0, 28, 30, 14, 97,
29: 28, 30, 14, 97,
30: 29, 31, 64, 48, 91, 41, 54, 8, 14, 55, 99,
31: 30, 32, 49, 56, 28,
32: 31, 33, 42, 56,
33: 32, 34, 13,
34: 33, 35, 22,
35: 34, 36, 4,
36: 35, 37, 93, 0, 44, 96,
37: 36, 38, 77, 68,
38: 37, 39, 0,
39: 38, 40, 69, 51, 77, 79,
40: 39, 41, 27,
41: 40, 42, 30, 76, 53, 45, 48, 15, 77, 47, 61, 66, 0, 0, 65, 0, 41, 43, 32, 56, 91,
42: 41, 43, 32, 56, 91,
43: 42, 44, 23, 80, 82, 98, 67, 89, 97,
44: 43, 45, 8, 97, 70, 36, 54,
45: 44, 46, 15, 41, 59, 57, 58, 95, 48, 77,
46: 45, 47, 90, 78, 99, 71,
47: 46, 48, 22, 41, 49,
48: 47, 49, 30, 41, 45, 99, 58, 96,
49: 48, 50, 31, 47,
50: 49, 51, 6, 9,
51: 50, 52, 39,
52: 51, 53, 10, 92, 87,
53: 52, 54, 41,
54: 53, 55, 30, 44, 98,
55: 54, 56, 30,
56: 55, 57, 31, 42, 32,
57: 56, 58, 20, 45,
58: 57, 59, 45, 48,
59: 58, 60, 1, 45,
60: 59, 61, 8, 85, 79,
61: 60, 62, 41, 71,
62: 61, 63, 27,
63: 62, 64, 28,
64: 63, 65, 30,
65: 64, 66, 19,
66: 65, 67, 19, 41,
67: 66, 68, 24, 43,
68: 67, 69, 37, 94, 91,
69: 68, 70, 39,
70: 69, 71, 44, 19,
71: 70, 72, 46, 61,
72: 71, 73, 19,
73: 72, 74, 9,
74: 73, 75, 4,
75: 74, 76, 18,
76: 75, 77, 24, 41,
77: 76, 78, 19, 28, 37, 41, 39, 8, 45, 98,
78: 77, 79, 46, 82,
79: 78, 80, 39, 60,
80: 79, 81, 23, 43,
81: 80, 82, 28,
82: 81, 83, 43, 78,
83: 82, 84, 5,
84: 83, 85, 28,
85: 84, 86, 60,
86: 85, 87, 28,
87: 86, 88, 52,
88: 87, 89, 14,
89: 88, 90, 43, 97,
90: 89, 91, 46, 1, 97,
91: 90, 92, 30, 68, 28, 41,
92: 91, 93, 52,
93: 92, 94, 36,
94: 93, 95, 68,
95: 94, 96, 28, 45,
96: 95, 97, 36, 48,
97: 96, 98, 44, 43, 89, 28, 90,
98: 97, 99, 43, 54, 77,
99: 98, 46, 48, 30,
