100
0: 1, 12, 27, 32, 23, 48, 86,
1: 0, 2, 61, 11,
2: 1, 3, 82, 65, 90,
3: 2, 4,
4: 3, 5,
5: 4, 6, 26,
6: 5, 7, 61,
7: 6, 8, 45, 10,
8: 7, 9, 74, 28,
9: 8, 10, 41,
10: 9, 11, 49, 14, 7, 99, 63,
11: 10, 12, 13, 1, 86, 88,
12: 11, 13, 0, 95, 18, 39,
13: 12, 14, 11,
14: 13, 15, 10,
15: 14, 16, 27, 21, 98,
16: 15, 17, 37,
17: 16, 18, 46, 30,
18: 17, 19, 12,
19: 18, 20, 44,
20: 19, 21, 42,
21: 20, 22, 15, 52, 34,
22: 21, 23, 29, 65, 64,
23: 22, 24, 0, 58,
24: 23, 25, 63, 88, 68, 69,
25: 24, 26, 82, 41, 51, 76,
26: 25, 27, 5,
27: 26, 28, 0, 15,
28: 27, 29, 8, 42,
29: 28, 30, 22,
30: 29, 31, 94, 47, 55, 17,
31: 30, 32, 75, 78,
32: 31, 33, 0,
33: 32, 34, 64, 69,
34: 33, 35, 66, 21, 62, 73,
35: 34, 36, 68, 78,
36: 35, 37, 94, 77,
37: 36, 38, 16,
38: 37, 39, 41, 97,
39: 38, 40, 12,
40: 39, 41, 88, 82,
41: 40, 42, 9, 25, 38, 57,
42: 41, 43, 20, 28,
43: 42, 44, 53, 54, 75, 86,
44: 43, 45, 19,
45: 44, 46, 7,
46: 45, 47, 17,
47: 46, 48, 30,
48: 47, 49, 0, 75,
49: 48, 50, 10,
50: 49, 51, 85, 90,
51: 50, 52, 25,
52: 51, 53, 21, 88, 63,
53: 52, 54, 43, 81, 56,
54: 53, 55, 43,
55: 54, 56, 30,
56: 55, 57, 85, 53, 69,
57: 56, 58, 41, 97, 59, 72,
58: 57, 59, 23, 70, 62, 75,
59: 58, 60, 57,
60: 59, 61, 96, 84, 91, 98,
61: 60, 62, 1, 6,
62: 61, 63, 34, 58,
63: 62, 64, 24, 52, 79, 10, 69,
64: 63, 65, 33, 22, 74,
65: 64, 66, 2, 22,
66: 65, 67, 34,
67: 66, 68, 93, 69,
68: 67, 69, 35, 24, 80,
69: 68, 70, 63, 56, 67, 33, 24,
70: 69, 71, 58, 92,
71: 70, 72, 75,
72: 71, 73, 57,
73: 72, 74, 80, 34, 82,
74: 73, 75, 8, 88, 64, 98,
75: 74, 76, 31, 71, 48, 43, 89, 58,
76: 75, 77, 25, 88,
77: 76, 78, 36,
78: 77, 79, 31, 87, 35, 98,
79: 78, 80, 63,
80: 79, 81, 73, 68, 83,
81: 80, 82, 53,
82: 81, 83, 2, 25, 40, 73,
83: 82, 84, 80, 87,
84: 83, 85, 60,
85: 84, 86, 50, 56,
86: 85, 87, 11, 0, 43,
87: 86, 88, 78, 83,
88: 87, 89, 24, 40, 52, 74, 11, 76,
89: 88, 90, 75,
90: 89, 91, 2, 50,
91: 90, 92, 60,
92: 91, 93, 70,
93: 92, 94, 67,
94: 93, 95, 30, 36,
95: 94, 96, 12,
96: 95, 97, 60,
97: 96, 98, 57, 38,
98: 97, 99, 74, 15, 78, 60,
99: 98, 10,
