100
0: 1, 21, 7, 10, 18,
1: 0, 2, 97, 58, 72, 44, 55, 11,
2: 1, 3, 34, 95, 15, 68,
3: 2, 4,
4: 3, 5,
5: 4, 6, 56,
6: 5, 7, 53, 47,
7: 6, 8, 0, 61, 45, 28, 38, 65,
8: 7, 9,
9: 8, 10, 85, 87,
10: 9, 11, 0, 75, 24,
11: 10, 12, 1, 38, 79,
12: 11, 13, 92, 39, 54, 62,
13: 12, 14, 89, 40,
14: 13, 15, 25, 37, 26, 98,
15: 14, 16, 2, 75, 47, 86, 41,
16: 15, 17, 50, 29,
17: 16, 18, 46, 22,
18: 17, 19, 42, 0, 73, 75,
19: 18, 20, 51, 37, 73, 24, 64,
20: 19, 21, 34, 79, 81,
21: 20, 22, 0,
22: 21, 23, 88, 17, 31,
23: 22, 24, 25, 63,
24: 23, 25, 10, 19, 40, 97,
25: 24, 26, 14, 23,
26: 25, 27, 80, 14, 55,
27: 26, 28, 78,
28: 27, 29, 7,
29: 28, 30, 16, 45,
30: 29, 31, 66, 54,
31: 30, 32, 43, 22, 35, 69,
32: 31, 33, 98, 37,
33: 32, 34, 48, 67,
34: 33, 35, 2, 20,
35: 34, 36, 65, 31, 69, 72,
36: 35, 37, 49,
37: 36, 38, 14, 19, 32, 74, 82,
38: 37, 39, 11, 65, 70, 76, 7, 66, 72,
39: 38, 40, 12, 62, 99,
40: 39, 41, 24, 13, 51,
41: 40, 42, 15, 65,
42: 41, 43, 18,
43: 42, 44, 31, 63, 87, 86, 77,
44: 43, 45, 1,
45: 44, 46, 7, 29, 96, 54, 71,
46: 45, 47, 17,
47: 46, 48, 6, 15,
48: 47, 49, 33,
49: 48, 50, 36,
50: 49, 51, 16,
51: 50, 52, 19, 40,
52: 51, 53, 78, 68,
53: 52, 54, 6,
54: 53, 55, 12, 30, 45, 69,
55: 54, 56, 1, 26,
56: 55, 57, 5,
57: 56, 58, 59, 91, 99,
58: 57, 59, 1,
59: 58, 60, 57,
60: 59, 61, 91,
61: 60, 62, 7,
62: 61, 63, 39, 12,
63: 62, 64, 23, 43,
64: 63, 65, 19, 86,
65: 64, 66, 35, 38, 94, 7, 71, 82, 41, 90, 99,
66: 65, 67, 30, 38,
67: 66, 68, 76, 33,
68: 67, 69, 98, 2, 52, 83,
69: 68, 70, 54, 31, 35,
70: 69, 71, 38,
71: 70, 72, 65, 45,
72: 71, 73, 1, 35, 93, 38, 79,
73: 72, 74, 19, 18,
74: 73, 75, 37,
75: 74, 76, 10, 15, 96, 18, 98, 84, 87,
76: 75, 77, 38, 67, 81,
77: 76, 78, 43, 83,
78: 77, 79, 27, 52,
79: 78, 80, 20, 72, 87, 11,
80: 79, 81, 26,
81: 80, 82, 76, 20,
82: 81, 83, 65, 37,
83: 82, 84, 68, 77,
84: 83, 85, 75,
85: 84, 86, 9,
86: 85, 87, 15, 43, 64, 90,
87: 86, 88, 43, 79, 9, 75,
88: 87, 89, 22,
89: 88, 90, 13,
90: 89, 91, 65, 86, 99,
91: 90, 92, 57, 60,
92: 91, 93, 12,
93: 92, 94, 72,
94: 93, 95, 65,
95: 94, 96, 2,
96: 95, 97, 45, 75,
97: 96, 98, 1, 24,
98: 97, 99, 32, 68, 75, 14,
99: 98, 57, 65, 39, 90,
