100
0: 1, 97, 44, 61,
1: 0, 2, 72,
2: 1, 3, 80, 63,
3: 2, 4,
4: 3, 5, 23, 30,
5: 4, 6, 89, 72, 10,
6: 5, 7, 85, 16,
7: 6, 8, 34, 12,
8: 7, 9, 80, 39,
9: 8, 10, 50, 59, 54, 82, 23,
10: 9, 11, 5, 93, 39,
11: 10, 12, 38, 61,
12: 11, 13, 7, 75, 78,
13: 12, 14, 40, 33,
14: 13, 15, 45, 35, 30, 87, 33, 53, 61, 63,
15: 14, 16, 51,
16: 15, 17, 6, 19, 47,
17: 16, 18, 86, 61,
18: 17, 19, 70, 78, 36, 77,
19: 18, 20, 16,
20: 19, 21, 99,
21: 20, 22, 75,
22: 21, 23, 56, 71, 57, 61,
23: 22, 24, 4, 9,
24: 23, 25, 33, 49,
25: 24, 26, 81, 76, 92, 52, 67, 71,
26: 25, 27, 73,
27: 26, 28, 65, 71, 61,
28: 27, 29, 46, 52,
29: 28, 30, 98, 74,
30: 29, 31, 4, 14,
31: 30, 32, 41,
32: 31, 33, 70, 53, 41, 54,
33: 32, 34, 24, 90, 13, 14, 84,
34: 33, 35, 7,
35: 34, 36, 14, 63,
36: 35, 37, 18, 91,
37: 36, 38, 90, 65, 58, 70, 88,
38: 37, 39, 11, 59, 40,
39: 38, 40, 65, 10, 83, 8, 68, 78, 94, 60,
40: 39, 41, 13, 38, 43,
41: 40, 42, 31, 32, 50,
42: 41, 43, 67, 70,
43: 42, 44, 40, 60, 95,
44: 43, 45, 0,
45: 44, 46, 14,
46: 45, 47, 28,
47: 46, 48, 16, 71,
48: 47, 49, 76,
49: 48, 50, 24, 78,
50: 49, 51, 9, 69, 75, 41, 66,
51: 50, 52, 15,
52: 51, 53, 25, 28, 64, 95,
53: 52, 54, 32, 14, 84,
54: 53, 55, 9, 32,
55: 54, 56, 62,
56: 55, 57, 22,
57: 56, 58, 22, 95,
58: 57, 59, 37, 88, 66,
59: 58, 60, 9, 38,
60: 59, 61, 43, 39,
61: 60, 62, 11, 69, 27, 78, 0, 22, 79, 14, 17,
62: 61, 63, 55,
63: 62, 64, 35, 2, 14, 96,
64: 63, 65, 52,
65: 64, 66, 27, 37, 39,
66: 65, 67, 58, 50, 83,
67: 66, 68, 42, 25, 91,
68: 67, 69, 39,
69: 68, 70, 50, 61,
70: 69, 71, 18, 32, 37, 42,
71: 70, 72, 22, 27, 47, 25,
72: 71, 73, 1, 5,
73: 72, 74, 26,
74: 73, 75, 29,
75: 74, 76, 12, 21, 50,
76: 75, 77, 25, 48, 96,
77: 76, 78, 18,
78: 77, 79, 18, 39, 61, 49, 81, 12, 91,
79: 78, 80, 61,
80: 79, 81, 2, 8,
81: 80, 82, 25, 78,
82: 81, 83, 9,
83: 82, 84, 39, 66,
84: 83, 85, 53, 33,
85: 84, 86, 6,
86: 85, 87, 17,
87: 86, 88, 14,
88: 87, 89, 58, 37,
89: 88, 90, 5,
90: 89, 91, 33, 37,
91: 90, 92, 78, 36, 67,
92: 91, 93, 25,
93: 92, 94, 10,
94: 93, 95, 39,
95: 94, 96, 57, 43, 52,
96: 95, 97, 63, 76,
97: 96, 98, 0,
98: 97, 99, 29,
99: 98, 20,
