100
0: 1, 39, 18,
1: 0, 2, 71, 68,
2: 1, 3,
3: 2, 4,
4: 3, 5, 31, 43,
5: 4, 6, 56, 72, 22,
6: 5, 7, 95,
7: 6, 8, 50, 46,
8: 7, 9, 53, 26, 17, 81, 57, 99, 19, 14, 46, 80, 0, 0, 65, 0, 6, 8, 50, 46,
9: 8, 10,
10: 9, 11, 18, 52, 44,
11: 10, 12, 72,
12: 11, 13, 73, 93, 16, 18,
13: 12, 14, 22, 75, 40,
14: 13, 15, 84, 8,
15: 14, 16, 26, 32, 21, 24,
16: 15, 17, 51, 83, 70, 12, 54,
17: 16, 18, 8,
18: 17, 19, 10, 0, 81, 12,
19: 18, 20, 8, 98, 58, 27,
20: 19, 21, 29, 38,
21: 20, 22, 15, 60, 69, 35, 90,
22: 21, 23, 5, 13,
23: 22, 24, 85, 42,
24: 23, 25, 15, 44,
25: 24, 26, 64, 94,
26: 25, 27, 8, 15,
27: 26, 28, 19,
28: 27, 29, 96, 67,
29: 28, 30, 20,
30: 29, 31, 79, 42,
31: 30, 32, 4,
32: 31, 33, 15, 68, 98, 45, 48,
33: 32, 34, 87, 61,
34: 33, 35, 40, 74,
35: 34, 36, 21, 65,
36: 35, 37, 46,
37: 36, 38, 55, 49,
38: 37, 39, 20, 44,
39: 38, 40, 0,
40: 39, 41, 34, 90, 68, 13,
41: 40, 42, 63, 49,
42: 41, 43, 23, 30, 90, 94,
43: 42, 44, 4,
44: 43, 45, 24, 47, 70, 49, 58, 10, 38, 82, 69,
45: 44, 46, 32, 88,
46: 45, 47, 36, 89, 86, 8, 7, 68, 84, 62, 52,
47: 46, 48, 44,
48: 47, 49, 66, 67, 32, 95, 78,
49: 48, 50, 44, 41, 59, 76, 37, 75, 94,
50: 49, 51, 7,
51: 50, 52, 16, 66, 88,
52: 51, 53, 10, 46,
53: 52, 54, 8,
54: 53, 55, 16, 88, 78,
55: 54, 56, 37, 60, 86,
56: 55, 57, 5,
57: 56, 58, 8, 99, 61,
58: 57, 59, 19, 44,
59: 58, 60, 49, 94, 77,
60: 59, 61, 21, 55,
61: 60, 62, 75, 63, 57, 33, 73,
62: 61, 63, 46,
63: 62, 64, 41, 61,
64: 63, 65, 25,
65: 64, 66, 97, 35,
66: 65, 67, 48, 51,
67: 66, 68, 48, 28,
68: 67, 69, 32, 40, 46, 1,
69: 68, 70, 21, 44,
70: 69, 71, 16, 44,
71: 70, 72, 1,
72: 71, 73, 5, 11,
73: 72, 74, 12, 85, 92, 83, 61,
74: 73, 75, 34,
75: 74, 76, 13, 61, 49,
76: 75, 77, 49,
77: 76, 78, 95, 59, 80, 88,
78: 77, 79, 48, 54, 83,
79: 78, 80, 30,
80: 79, 81, 77, 8, 85,
81: 80, 82, 8, 18,
82: 81, 83, 44,
83: 82, 84, 16, 73, 78,
84: 83, 85, 14, 46,
85: 84, 86, 23, 73, 80, 91,
86: 85, 87, 46, 55,
87: 86, 88, 33,
88: 87, 89, 54, 51, 45, 77,
89: 88, 90, 46,
90: 89, 91, 40, 21, 42,
91: 90, 92, 85,
92: 91, 93, 73,
93: 92, 94, 12,
94: 93, 95, 59, 42, 25, 49,
95: 94, 96, 6, 48, 77,
96: 95, 97, 28,
97: 96, 98, 65,
98: 97, 99, 19, 32,
99: 98, 8, 57,
