100
0: 1, 56, 48, 12, 71, 19, 72,
1: 0, 2, 12, 4, 74,
2: 1, 3, 87, 37, 18, 34,
3: 2, 4, 81, 40,
4: 3, 5, 1,
5: 4, 6,
6: 5, 7, 61, 50,
7: 6, 8, 84, 19,
8: 7, 9, 80, 19,
9: 8, 10, 52, 64, 89, 50, 78, 38, 82, 37,
10: 9, 11,
11: 10, 12, 85, 55, 63, 18, 20, 68,
12: 11, 13, 0, 1,
13: 12, 14, 47, 26,
14: 13, 15, 86, 66, 62, 81,
15: 14, 16, 29, 66, 33, 77,
16: 15, 17, 72, 79, 32, 50,
17: 16, 18, 29, 45,
18: 17, 19, 63, 2, 99, 31, 24, 84, 11, 23,
19: 18, 20, 0, 57, 86, 34, 8, 54, 7, 24,
20: 19, 21, 93, 11, 39,
21: 20, 22, 83, 44,
22: 21, 23, 59, 37, 68, 94,
23: 22, 24, 18,
24: 23, 25, 18, 19, 94,
25: 24, 26, 92, 44,
26: 25, 27, 13, 53,
27: 26, 28, 73,
28: 27, 29, 85, 75, 96, 36, 91,
29: 28, 30, 15, 17,
30: 29, 31, 33,
31: 30, 32, 18,
32: 31, 33, 16, 65,
33: 32, 34, 30, 76, 15, 46, 63,
34: 33, 35, 19, 2,
35: 34, 36, 93, 74, 65,
36: 35, 37, 28, 58,
37: 36, 38, 2, 9, 22, 68, 90, 45,
38: 37, 39, 9,
39: 38, 40, 20,
40: 39, 41, 3, 49, 60,
41: 40, 42, 64, 51, 82, 60,
42: 41, 43, 88, 60,
43: 42, 44, 78, 53,
44: 43, 45, 25, 21, 72,
45: 44, 46, 72, 17, 37, 54, 67,
46: 45, 47, 33,
47: 46, 48, 13,
48: 47, 49, 0,
49: 48, 50, 40, 73, 95,
50: 49, 51, 9, 16, 6,
51: 50, 52, 41,
52: 51, 53, 9,
53: 52, 54, 26, 43, 93,
54: 53, 55, 19, 45, 60,
55: 54, 56, 11,
56: 55, 57, 0,
57: 56, 58, 19,
58: 57, 59, 36, 69, 93,
59: 58, 60, 22,
60: 59, 61, 41, 40, 65, 87, 42, 54, 97, 99,
61: 60, 62, 6,
62: 61, 63, 14, 70,
63: 62, 64, 11, 18, 33,
64: 63, 65, 9, 41,
65: 64, 66, 60, 32, 35, 72, 98,
66: 65, 67, 14, 15,
67: 66, 68, 45, 83,
68: 67, 69, 22, 37, 11, 81,
69: 68, 70, 58, 95,
70: 69, 71, 62, 97,
71: 70, 72, 0,
72: 71, 73, 16, 45, 44, 65, 0,
73: 72, 74, 27, 49,
74: 73, 75, 35, 1,
75: 74, 76, 28,
76: 75, 77, 33,
77: 76, 78, 15,
78: 77, 79, 9, 43,
79: 78, 80, 16,
80: 79, 81, 8,
81: 80, 82, 3, 14, 68,
82: 81, 83, 9, 41,
83: 82, 84, 21, 67,
84: 83, 85, 7, 18,
85: 84, 86, 11, 28,
86: 85, 87, 14, 19,
87: 86, 88, 2, 60,
88: 87, 89, 42,
89: 88, 90, 9,
90: 89, 91, 37,
91: 90, 92, 28,
92: 91, 93, 25,
93: 92, 94, 20, 35, 53, 58,
94: 93, 95, 24, 22,
95: 94, 96, 49, 69,
96: 95, 97, 28,
97: 96, 98, 60, 70,
98: 97, 99, 65,
99: 98, 18, 60,
