100
0: 1, 30, 35,
1: 0, 2, 22, 56, 87, 10, 44, 84, 52, 5, 57, 16, 0, 0, 65, 0, 1, 3,
2: 1, 3,
3: 2, 4, 23,
4: 3, 5, 15, 57, 30,
5: 4, 6, 1,
6: 5, 7, 41,
7: 6, 8, 99,
8: 7, 9, 13, 12,
9: 8, 10, 45, 39, 59, 40, 68, 95,
10: 9, 11, 1, 27, 84, 74, 47, 67, 29, 43, 66, 44, 0, 0, 65, 0, 10, 12, 46,
11: 10, 12, 46,
12: 11, 13, 8, 17,
13: 12, 14, 8,
14: 13, 15, 96, 60,
15: 14, 16, 4,
16: 15, 17, 81, 74, 1, 32, 95,
17: 16, 18, 12, 35,
18: 17, 19, 47, 25, 24, 95,
19: 18, 20, 51, 92, 97, 64, 94,
20: 19, 21, 65,
21: 20, 22, 38, 49, 77, 28, 45, 85,
22: 21, 23, 1,
23: 22, 24, 3, 39, 35,
24: 23, 25, 18, 75, 42,
25: 24, 26, 18,
26: 25, 27, 72, 81, 36, 88, 91, 34, 67,
27: 26, 28, 10, 49, 92, 71, 34, 35,
28: 27, 29, 21,
29: 28, 30, 10, 87, 48,
30: 29, 31, 0, 4,
31: 30, 32, 95,
32: 31, 33, 55, 16, 37,
33: 32, 34, 41, 85,
34: 33, 35, 27, 80, 26, 69,
35: 34, 36, 23, 27, 0, 71, 17, 89, 93,
36: 35, 37, 26, 77, 40,
37: 36, 38, 32, 46, 60,
38: 37, 39, 21, 42,
39: 38, 40, 9, 23,
40: 39, 41, 9, 95, 76, 36, 64,
41: 40, 42, 6, 33,
42: 41, 43, 38, 24, 56, 75,
43: 42, 44, 10, 90, 50,
44: 43, 45, 1, 10, 73, 49,
45: 44, 46, 9, 21, 85,
46: 45, 47, 37, 48, 62, 10, 67, 89, 68, 95, 86, 82, 0, 0, 65, 0, 46, 48, 10, 18,
47: 46, 48, 10, 18,
48: 47, 49, 46, 55, 29,
49: 48, 50, 21, 27, 54, 58, 44,
50: 49, 51, 43, 83,
51: 50, 52, 19,
52: 51, 53, 1,
53: 52, 54, 88, 76, 69, 93,
54: 53, 55, 49, 80,
55: 54, 56, 32, 48,
56: 55, 57, 1, 42,
57: 56, 58, 1, 4,
58: 57, 59, 49,
59: 58, 60, 9,
60: 59, 61, 37, 14,
61: 60, 62, 67,
62: 61, 63, 46, 78, 85,
63: 62, 64, 85, 93,
64: 63, 65, 19, 40, 90,
65: 64, 66, 20,
66: 65, 67, 10,
67: 66, 68, 10, 46, 61, 26, 93,
68: 67, 69, 46, 9, 98,
69: 68, 70, 53, 34,
70: 69, 71, 79, 85,
71: 70, 72, 27, 35,
72: 71, 73, 26, 94,
73: 72, 74, 44,
74: 73, 75, 10, 16,
75: 74, 76, 24, 42,
76: 75, 77, 40, 53,
77: 76, 78, 21, 36,
78: 77, 79, 62,
79: 78, 80, 70,
80: 79, 81, 34, 54,
81: 80, 82, 16, 26,
82: 81, 83, 98, 46,
83: 82, 84, 50,
84: 83, 85, 1, 10,
85: 84, 86, 63, 62, 21, 45, 33, 70, 93,
86: 85, 87, 46,
87: 86, 88, 1, 29,
88: 87, 89, 26, 53,
89: 88, 90, 35, 46,
90: 89, 91, 43, 64,
91: 90, 92, 26,
92: 91, 93, 19, 27,
93: 92, 94, 63, 67, 85, 35, 53,
94: 93, 95, 72, 19,
95: 94, 96, 31, 40, 46, 16, 9, 18,
96: 95, 97, 14,
97: 96, 98, 19,
98: 97, 99, 82, 68,
99: 98, 7,
