100
0: 1, 9, 34,
1: 0, 2, 56, 27,
2: 1, 3,
3: 2, 4,
4: 3, 5, 24,
5: 4, 6, 95, 11,
6: 5, 7, 48, 10, 44,
7: 6, 8, 24, 32,
8: 7, 9, 62, 66,
9: 8, 10, 0, 16, 59, 55,
10: 9, 11, 6, 29, 73, 33, 32,
11: 10, 12, 5,
12: 11, 13, 26, 42,
13: 12, 14, 49, 87, 31, 84,
14: 13, 15, 77, 80, 44,
15: 14, 16, 75,
16: 15, 17, 9,
17: 16, 18, 40, 84, 64,
18: 17, 19, 27, 59,
19: 18, 20, 52, 73, 28, 43,
20: 19, 21, 75, 22, 48,
21: 20, 22, 52, 33,
22: 21, 23, 20,
23: 22, 24, 97, 40, 95, 31, 32, 51,
24: 23, 25, 4, 7,
25: 24, 26, 33, 28,
26: 25, 27, 12,
27: 26, 28, 18, 1, 79,
28: 27, 29, 76, 25, 47, 19, 43, 51, 70, 91,
29: 28, 30, 10,
30: 29, 31, 86, 54, 59,
31: 30, 32, 58, 23, 13, 48, 34, 78, 60, 79, 84,
32: 31, 33, 72, 10, 23, 46, 40, 7, 38, 96, 74, 43, 0, 0, 65, 0, 32, 34, 10, 25, 21, 83, 64, 70,
33: 32, 34, 10, 25, 21, 83, 64, 70,
34: 33, 35, 31, 69, 0, 59, 60,
35: 34, 36, 94, 61,
36: 35, 37, 65, 64,
37: 36, 38, 61, 55,
38: 37, 39, 32,
39: 38, 40, 79, 82,
40: 39, 41, 17, 23, 32,
41: 40, 42, 50,
42: 41, 43, 92, 12, 67, 70,
43: 42, 44, 73, 81, 84, 28, 65, 32, 19, 72,
44: 43, 45, 6, 14, 64,
45: 44, 46, 88, 51,
46: 45, 47, 32,
47: 46, 48, 28,
48: 47, 49, 6, 31, 20,
49: 48, 50, 13,
50: 49, 51, 41,
51: 50, 52, 28, 23, 66, 45, 85,
52: 51, 53, 19, 21, 94, 59,
53: 52, 54, 71, 89,
54: 53, 55, 30, 57, 64,
55: 54, 56, 37, 9,
56: 55, 57, 1,
57: 56, 58, 54,
58: 57, 59, 31, 79,
59: 58, 60, 9, 73, 18, 71, 52, 30, 34, 70, 72,
60: 59, 61, 31, 34, 64,
61: 60, 62, 37, 68, 35, 99,
62: 61, 63, 8,
63: 62, 64, 79,
64: 63, 65, 60, 36, 44, 17, 33, 54, 72, 84,
65: 64, 66, 36, 43,
66: 65, 67, 8, 51,
67: 66, 68, 42, 70,
68: 67, 69, 61, 70,
69: 68, 70, 34,
70: 69, 71, 68, 59, 28, 42, 32, 67,
71: 70, 72, 53, 59,
72: 71, 73, 32, 43, 64, 59, 93,
73: 72, 74, 10, 19, 43, 59,
74: 73, 75, 32,
75: 74, 76, 15, 20,
76: 75, 77, 28,
77: 76, 78, 14,
78: 77, 79, 31, 98,
79: 78, 80, 39, 58, 63, 27, 89, 90, 91, 31,
80: 79, 81, 14,
81: 80, 82, 43,
82: 81, 83, 39,
83: 82, 84, 33,
84: 83, 85, 17, 43, 31, 64, 13,
85: 84, 86, 51,
86: 85, 87, 30,
87: 86, 88, 13,
88: 87, 89, 45, 90,
89: 88, 90, 79, 53,
90: 89, 91, 79, 88,
91: 90, 92, 79, 28,
92: 91, 93, 42,
93: 92, 94, 72,
94: 93, 95, 35, 52,
95: 94, 96, 5, 23,
96: 95, 97, 32,
97: 96, 98, 23,
98: 97, 99, 78,
99: 98, 61,
