100
0: 1, 67, 94, 83, 28, 31, 32,
1: 0, 2, 22, 15,
2: 1, 3, 78, 74,
3: 2, 4,
4: 3, 5, 55, 89,
5: 4, 6,
6: 5, 7, 11, 99, 84, 56,
7: 6, 8, 30,
8: 7, 9, 90, 87, 80, 45,
9: 8, 10, 20, 66, 59, 93,
10: 9, 11, 79, 28, 27, 42,
11: 10, 12, 6, 68, 48,
12: 11, 13, 99, 64,
13: 12, 14, 54, 37,
14: 13, 15, 69, 99, 54,
15: 14, 16, 1, 49, 63, 23, 33,
16: 15, 17, 99, 90,
17: 16, 18, 40, 29, 53, 92,
18: 17, 19, 60, 95, 72, 77,
19: 18, 20, 28, 44, 53,
20: 19, 21, 9, 88, 66, 41, 53, 79,
21: 20, 22, 63,
22: 21, 23, 1,
23: 22, 24, 15,
24: 23, 25, 61, 87, 60,
25: 24, 26, 34,
26: 25, 27, 28, 58,
27: 26, 28, 10, 54,
28: 27, 29, 0, 10, 19, 26,
29: 28, 30, 17, 90, 47,
30: 29, 31, 7,
31: 30, 32, 0, 66, 62, 47, 87,
32: 31, 33, 76, 0, 91, 65, 74,
33: 32, 34, 15,
34: 33, 35, 25,
35: 34, 36, 62, 96,
36: 35, 37, 73, 38, 85, 86, 87,
37: 36, 38, 88, 13, 50, 57,
38: 37, 39, 36, 71, 50,
39: 38, 40, 46, 75,
40: 39, 41, 17, 98,
41: 40, 42, 20,
42: 41, 43, 53, 52, 10, 82,
43: 42, 44, 70, 90,
44: 43, 45, 19,
45: 44, 46, 8,
46: 45, 47, 39,
47: 46, 48, 52, 59, 29, 79, 31, 54, 95, 81, 53,
48: 47, 49, 11, 56, 92,
49: 48, 50, 15,
50: 49, 51, 38, 37, 77,
51: 50, 52, 67,
52: 51, 53, 42, 47,
53: 52, 54, 42, 58, 98, 19, 20, 47, 17, 60, 83,
54: 53, 55, 13, 47, 14, 27, 77,
55: 54, 56, 4,
56: 55, 57, 6, 48,
57: 56, 58, 37,
58: 57, 59, 53, 26,
59: 58, 60, 9, 47,
60: 59, 61, 18, 53, 24, 87,
61: 60, 62, 24,
62: 61, 63, 31, 35, 64,
63: 62, 64, 15, 21,
64: 63, 65, 62, 12, 70,
65: 64, 66, 72, 32,
66: 65, 67, 9, 20, 31,
67: 66, 68, 0, 51,
68: 67, 69, 11,
69: 68, 70, 14,
70: 69, 71, 43, 64,
71: 70, 72, 38,
72: 71, 73, 65, 18,
73: 72, 74, 36, 79,
74: 73, 75, 2, 32,
75: 74, 76, 39,
76: 75, 77, 32,
77: 76, 78, 54, 18, 50,
78: 77, 79, 2,
79: 78, 80, 10, 47, 73, 20, 97,
80: 79, 81, 8,
81: 80, 82, 47,
82: 81, 83, 42,
83: 82, 84, 0, 53, 87,
84: 83, 85, 6,
85: 84, 86, 36,
86: 85, 87, 36,
87: 86, 88, 8, 24, 31, 36, 99, 60, 83,
88: 87, 89, 20, 37,
89: 88, 90, 4,
90: 89, 91, 8, 29, 43, 16, 96,
91: 90, 92, 32,
92: 91, 93, 48, 17,
93: 92, 94, 9,
94: 93, 95, 0,
95: 94, 96, 18, 47,
96: 95, 97, 90, 35, 99,
97: 96, 98, 79,
98: 97, 99, 40, 53,
99: 98, 6, 12, 14, 16, 87, 96,
