100
0: 1, 11, 77,
1: 0, 2, 64, 22, 6, 25, 39, 36, 51,
2: 1, 3,
3: 2, 4, 33, 99,
4: 3, 5,
5: 4, 6, 95, 76,
6: 5, 7, 1,
7: 6, 8,
8: 7, 9, 24, 55, 83,
9: 8, 10, 96, 41, 76,
10: 9, 11, 43, 42, 75, 92,
11: 10, 12, 0,
12: 11, 13, 20, 51,
13: 12, 14, 99, 40, 32, 58,
14: 13, 15, 54, 33,
15: 14, 16, 17, 73,
16: 15, 17, 19, 28,
17: 16, 18, 15, 72, 83,
18: 17, 19, 57, 42,
19: 18, 20, 16,
20: 19, 21, 12,
21: 20, 22, 81, 28,
22: 21, 23, 1,
23: 22, 24, 56, 49,
24: 23, 25, 8,
25: 24, 26, 1, 84,
26: 25, 27, 88, 79,
27: 26, 28, 66, 59, 34,
28: 27, 29, 16, 98, 21, 50,
29: 28, 30, 74, 35,
30: 29, 31, 40, 41,
31: 30, 32, 62, 69,
32: 31, 33, 13, 35,
33: 32, 34, 3, 93, 86, 14, 62, 70,
34: 33, 35, 27, 60, 65,
35: 34, 36, 70, 29, 32, 97,
36: 35, 37, 91, 78, 1, 46, 47, 77,
37: 36, 38, 45, 46,
38: 37, 39, 41, 76,
39: 38, 40, 1, 89, 47,
40: 39, 41, 13, 30, 51, 71,
41: 40, 42, 9, 38, 76, 30, 56,
42: 41, 43, 10, 18, 77,
43: 42, 44, 10,
44: 43, 45, 94,
45: 44, 46, 37,
46: 45, 47, 36, 37, 92,
47: 46, 48, 36, 39, 53, 69,
48: 47, 49, 74, 93,
49: 48, 50, 23, 63,
50: 49, 51, 28, 66,
51: 50, 52, 40, 73, 69, 84, 66, 61, 1, 12, 75,
52: 51, 53, 68, 89,
53: 52, 54, 47,
54: 53, 55, 14,
55: 54, 56, 8,
56: 55, 57, 23, 41, 67, 82, 87,
57: 56, 58, 18,
58: 57, 59, 13,
59: 58, 60, 27,
60: 59, 61, 34,
61: 60, 62, 51, 86, 71,
62: 61, 63, 31, 33, 69,
63: 62, 64, 49,
64: 63, 65, 1,
65: 64, 66, 34,
66: 65, 67, 27, 51, 95, 50,
67: 66, 68, 56, 71,
68: 67, 69, 52,
69: 68, 70, 31, 51, 62, 47, 77, 82,
70: 69, 71, 35, 80, 33,
71: 70, 72, 67, 61, 40, 90, 76,
72: 71, 73, 17,
73: 72, 74, 51, 15,
74: 73, 75, 29, 48,
75: 74, 76, 51, 10, 77,
76: 75, 77, 5, 41, 9, 38, 71,
77: 76, 78, 80, 42, 36, 75, 85, 0, 69,
78: 77, 79, 36,
79: 78, 80, 87, 26,
80: 79, 81, 70, 77,
81: 80, 82, 21,
82: 81, 83, 56, 94, 69,
83: 82, 84, 17, 8,
84: 83, 85, 25, 51,
85: 84, 86, 77,
86: 85, 87, 33, 61,
87: 86, 88, 79, 56,
88: 87, 89, 26,
89: 88, 90, 39, 52,
90: 89, 91, 71,
91: 90, 92, 36,
92: 91, 93, 46, 10,
93: 92, 94, 33, 48,
94: 93, 95, 44, 82,
95: 94, 96, 5, 66,
96: 95, 97, 9,
97: 96, 98, 35,
98: 97, 99, 28,
99: 98, 3, 13,
