100
0: 1, 78, 36,
1: 0, 2, 88, 31, 3, 42, 34, 10, 47, 61, 77,
2: 1, 3,
3: 2, 4, 1,
4: 3, 5, 46,
5: 4, 6, 71,
6: 5, 7, 12, 80, 16,
7: 6, 8,
8: 7, 9, 15,
9: 8, 10, 81, 21, 36, 37,
10: 9, 11, 54, 1, 72, 84, 35, 64, 26, 61,
11: 10, 12, 66, 94, 61, 77,
12: 11, 13, 6,
13: 12, 14, 50, 28,
14: 13, 15, 37, 42, 79,
15: 14, 16, 8,
16: 15, 17, 40, 6, 30, 33,
17: 16, 18, 27, 39,
18: 17, 19, 29, 41,
19: 18, 20, 33, 82, 22, 38,
20: 19, 21, 54, 75, 77,
21: 20, 22, 9,
22: 21, 23, 19, 47,
23: 22, 24, 67,
24: 23, 25, 63, 47,
25: 24, 26, 79, 73,
26: 25, 27, 10, 79,
27: 26, 28, 17, 93, 87, 51,
28: 27, 29, 13, 48, 40, 57,
29: 28, 30, 18, 97, 38,
30: 29, 31, 16, 32, 73, 35, 96,
31: 30, 32, 1,
32: 31, 33, 30,
33: 32, 34, 19, 16, 41,
34: 33, 35, 1,
35: 34, 36, 10, 30, 59,
36: 35, 37, 89, 9, 0, 90,
37: 36, 38, 14, 9, 59,
38: 37, 39, 79, 49, 19, 29, 53, 78,
39: 38, 40, 17, 44,
40: 39, 41, 16, 28,
41: 40, 42, 79, 33, 18, 65,
42: 41, 43, 1, 14,
43: 42, 44, 80, 96,
44: 43, 45, 39, 95,
45: 44, 46, 92, 76, 69, 68, 70,
46: 45, 47, 4,
47: 46, 48, 1, 24, 22, 60, 62, 88,
48: 47, 49, 28, 89, 87,
49: 48, 50, 38, 52, 58,
50: 49, 51, 13, 99, 56,
51: 50, 52, 27,
52: 51, 53, 49, 67, 57,
53: 52, 54, 38,
54: 53, 55, 10, 20,
55: 54, 56, 89, 93,
56: 55, 57, 50, 68,
57: 56, 58, 52, 28, 74, 77,
58: 57, 59, 91, 49, 74, 95,
59: 58, 60, 37, 35,
60: 59, 61, 47, 98,
61: 60, 62, 11, 10, 1, 65, 83,
62: 61, 63, 47, 85,
63: 62, 64, 24,
64: 63, 65, 10,
65: 64, 66, 41, 61, 77,
66: 65, 67, 11,
67: 66, 68, 23, 52,
68: 67, 69, 56, 45,
69: 68, 70, 45,
70: 69, 71, 45, 77,
71: 70, 72, 5,
72: 71, 73, 10,
73: 72, 74, 30, 25, 77,
74: 73, 75, 58, 86, 57,
75: 74, 76, 20,
76: 75, 77, 45,
77: 76, 78, 65, 87, 85, 20, 11, 57, 73, 1, 79, 70, 0, 0, 65, 0, 77, 79, 0, 38, 95,
78: 77, 79, 0, 38, 95,
79: 78, 80, 25, 26, 38, 41, 77, 93, 99, 14,
80: 79, 81, 6, 43,
81: 80, 82, 9,
82: 81, 83, 19,
83: 82, 84, 61,
84: 83, 85, 10,
85: 84, 86, 62, 77,
86: 85, 87, 74,
87: 86, 88, 27, 77, 48,
88: 87, 89, 1, 93, 47, 96,
89: 88, 90, 36, 48, 55,
90: 89, 91, 36,
91: 90, 92, 58,
92: 91, 93, 45,
93: 92, 94, 27, 79, 88, 55,
94: 93, 95, 11,
95: 94, 96, 78, 58, 44,
96: 95, 97, 30, 43, 88,
97: 96, 98, 29,
98: 97, 99, 60,
99: 98, 50, 79,
