100
0: 1, 54, 79,
1: 0, 2, 16, 61, 96,
2: 1, 3,
3: 2, 4, 58,
4: 3, 5, 52, 92, 63, 55,
5: 4, 6,
6: 5, 7,
7: 6, 8, 59, 35, 21, 12, 27, 28,
8: 7, 9, 78,
9: 8, 10, 24, 29, 38, 13, 26, 36,
10: 9, 11, 57, 44, 37, 76, 70, 72,
11: 10, 12, 85, 36,
12: 11, 13, 7,
13: 12, 14, 9, 42,
14: 13, 15, 84, 41, 67, 19, 74, 22, 23, 34, 46, 82, 0, 0, 65, 0, 12, 14, 9, 42,
15: 14, 16, 32, 60, 20, 75,
16: 15, 17, 1,
17: 16, 18, 83, 34,
18: 17, 19, 25, 99,
19: 18, 20, 14, 92, 56,
20: 19, 21, 15, 28, 68,
21: 20, 22, 7,
22: 21, 23, 14, 39, 42,
23: 22, 24, 14, 73, 34, 74,
24: 23, 25, 9,
25: 24, 26, 18, 65, 72,
26: 25, 27, 86, 9, 49,
27: 26, 28, 7, 48,
28: 27, 29, 20, 7, 99,
29: 28, 30, 9, 97, 56, 42,
30: 29, 31, 61, 94, 34, 89,
31: 30, 32, 47, 69,
32: 31, 33, 15, 66, 95,
33: 32, 34, 76,
34: 33, 35, 30, 14, 17, 53, 23, 80,
35: 34, 36, 7, 55,
36: 35, 37, 96, 9, 11,
37: 36, 38, 10, 96, 52, 71, 94,
38: 37, 39, 9, 91, 75,
39: 38, 40, 22,
40: 39, 41, 77, 91, 46,
41: 40, 42, 14,
42: 41, 43, 13, 29, 22,
43: 42, 44, 60,
44: 43, 45, 10,
45: 44, 46, 64,
46: 45, 47, 14, 40,
47: 46, 48, 31,
48: 47, 49, 27,
49: 48, 50, 93, 88, 26,
50: 49, 51, 77,
51: 50, 52, 81,
52: 51, 53, 4, 37,
53: 52, 54, 34,
54: 53, 55, 0,
55: 54, 56, 4, 35,
56: 55, 57, 29, 19,
57: 56, 58, 10,
58: 57, 59, 3,
59: 58, 60, 7,
60: 59, 61, 15, 43,
61: 60, 62, 1, 30,
62: 61, 63, 75,
63: 62, 64, 4,
64: 63, 65, 45,
65: 64, 66, 25,
66: 65, 67, 32,
67: 66, 68, 14,
68: 67, 69, 79, 20,
69: 68, 70, 93, 31,
70: 69, 71, 10,
71: 70, 72, 37,
72: 71, 73, 10, 25,
73: 72, 74, 23, 98, 81,
74: 73, 75, 14, 23,
75: 74, 76, 15, 62, 89, 38, 90, 86,
76: 75, 77, 10, 33,
77: 76, 78, 40, 50,
78: 77, 79, 8,
79: 78, 80, 68, 87, 0,
80: 79, 81, 99, 34,
81: 80, 82, 51, 73,
82: 81, 83, 14, 84,
83: 82, 84, 17,
84: 83, 85, 14, 82,
85: 84, 86, 11,
86: 85, 87, 26, 75,
87: 86, 88, 79,
88: 87, 89, 49,
89: 88, 90, 30, 75,
90: 89, 91, 75,
91: 90, 92, 38, 40,
92: 91, 93, 4, 19,
93: 92, 94, 49, 69,
94: 93, 95, 30, 37,
95: 94, 96, 32,
96: 95, 97, 1, 36, 37,
97: 96, 98, 29,
98: 97, 99, 73,
99: 98, 80, 28, 18,
