100
0: 1, 92, 22, 63, 19, 33, 80,
1: 0, 2, 82, 96, 91, 8, 59, 62, 72, 93,
2: 1, 3, 89, 60, 6, 81, 94, 38, 48, 71, 92, 34, 0, 0, 65, 0, 0, 2, 82, 96, 91, 8, 59, 62, 72, 93,
3: 2, 4, 57,
4: 3, 5,
5: 4, 6,
6: 5, 7, 2, 48,
7: 6, 8, 81, 46,
8: 7, 9, 1, 29,
9: 8, 10, 12, 94,
10: 9, 11, 43, 45, 51,
11: 10, 12,
12: 11, 13, 9, 73, 49, 30, 55, 56, 62,
13: 12, 14, 58, 79,
14: 13, 15, 18, 35, 36, 66,
15: 14, 16, 54, 56,
16: 15, 17, 75, 23,
17: 16, 18, 19, 30, 62, 79, 97,
18: 17, 19, 14, 31, 42, 41, 83, 61, 26, 51, 28, 44, 0, 0, 65, 0, 16, 18, 19, 30, 62, 79, 97,
19: 18, 20, 17, 0, 61, 57, 78,
20: 19, 21, 67, 24,
21: 20, 22, 55, 72, 48, 64,
22: 21, 23, 0,
23: 22, 24, 16, 25,
24: 23, 25, 87, 20, 38, 40, 53, 56,
25: 24, 26, 23, 27, 33,
26: 25, 27, 18, 31, 39,
27: 26, 28, 25,
28: 27, 29, 86, 18, 36, 59,
29: 28, 30, 85, 90, 77, 81, 8, 78,
30: 29, 31, 12, 17,
31: 30, 32, 18, 26, 52, 98,
32: 31, 33, 77, 37,
33: 32, 34, 25, 0, 43,
34: 33, 35, 2, 37,
35: 34, 36, 14, 66, 78, 44,
36: 35, 37, 41, 88, 28, 63, 14, 72,
37: 36, 38, 34, 32,
38: 37, 39, 2, 24,
39: 38, 40, 26, 54, 47,
40: 39, 41, 24, 62,
41: 40, 42, 18, 36, 50, 70,
42: 41, 43, 18,
43: 42, 44, 10, 33,
44: 43, 45, 35, 18, 71, 53, 56, 62,
45: 44, 46, 10,
46: 45, 47, 7,
47: 46, 48, 39, 69,
48: 47, 49, 2, 6, 52, 21, 56, 97,
49: 48, 50, 12,
50: 49, 51, 41,
51: 50, 52, 10, 18,
52: 51, 53, 31, 48,
53: 52, 54, 44, 24, 95, 81, 99,
54: 53, 55, 15, 39,
55: 54, 56, 21, 12, 68,
56: 55, 57, 48, 24, 79, 98, 44, 15, 12,
57: 56, 58, 3, 74, 19, 70,
58: 57, 59, 13,
59: 58, 60, 64, 2, 28, 80, 89, 98,
60: 59, 61, 2,
61: 60, 62, 18, 19,
62: 61, 63, 40, 12, 17, 44, 1, 81, 99,
63: 62, 64, 0, 36,
64: 63, 65, 59, 21,
65: 64, 66, 68,
66: 65, 67, 35, 14, 76,
67: 66, 68, 20,
68: 67, 69, 65, 55, 72,
69: 68, 70, 47,
70: 69, 71, 57, 41, 79,
71: 70, 72, 2, 44,
72: 71, 73, 21, 68, 2, 36, 99,
73: 72, 74, 12,
74: 73, 75, 57,
75: 74, 76, 16,
76: 75, 77, 66,
77: 76, 78, 29, 32,
78: 77, 79, 35, 29, 19,
79: 78, 80, 56, 17, 98, 90, 13, 70, 81,
80: 79, 81, 0, 59,
81: 80, 82, 2, 7, 29, 62, 79, 53, 89, 84,
82: 81, 83, 1,
83: 82, 84, 18,
84: 83, 85, 81,
85: 84, 86, 29,
86: 85, 87, 28,
87: 86, 88, 24,
88: 87, 89, 36,
89: 88, 90, 2, 81, 59,
90: 89, 91, 29, 79,
91: 90, 92, 1,
92: 91, 93, 0, 2,
93: 92, 94, 1,
94: 93, 95, 2, 9,
95: 94, 96, 53,
96: 95, 97, 1,
97: 96, 98, 18, 48,
98: 97, 99, 56, 79, 59, 31,
99: 98, 53, 62, 72,
