100
0: 1, 67, 46, 84,
1: 0, 2, 45, 41,
2: 1, 3, 68, 20,
3: 2, 4,
4: 3, 5, 91, 48,
5: 4, 6, 7, 92,
6: 5, 7, 17, 48, 82,
7: 6, 8, 5, 65,
8: 7, 9, 96, 54, 29, 59,
9: 8, 10, 20, 78, 63,
10: 9, 11, 27, 16,
11: 10, 12, 25, 82,
12: 11, 13, 22, 35, 62, 97, 99, 38, 63, 76, 86,
13: 12, 14, 53, 16,
14: 13, 15, 99, 87, 21, 88, 92, 66, 98,
15: 14, 16, 32, 55,
16: 15, 17, 80, 10, 13, 25, 62, 63,
17: 16, 18, 6, 72, 39,
18: 17, 19, 69, 34, 56, 85,
19: 18, 20, 81, 75, 69, 86,
20: 19, 21, 9, 2, 59,
21: 20, 22, 14,
22: 21, 23, 12, 50, 28,
23: 22, 24, 42,
24: 23, 25, 57, 38,
25: 24, 26, 11, 16,
26: 25, 27, 61, 60, 59, 96,
27: 26, 28, 10,
28: 27, 29, 49, 22, 62, 79,
29: 28, 30, 8, 58, 94,
30: 29, 31, 53, 66,
31: 30, 32, 37, 43,
32: 31, 33, 15, 47, 95, 66, 50, 96,
33: 32, 34, 69, 74, 62, 86,
34: 33, 35, 18, 90, 37,
35: 34, 36, 12,
36: 35, 37, 68,
37: 36, 38, 31, 34,
38: 37, 39, 69, 12, 24, 66,
39: 38, 40, 67, 17,
40: 39, 41, 51,
41: 40, 42, 1, 81,
42: 41, 43, 23, 50, 59,
43: 42, 44, 64, 50, 65, 31, 69, 96,
44: 43, 45, 77, 52,
45: 44, 46, 1,
46: 45, 47, 0,
47: 46, 48, 32, 96, 59,
48: 47, 49, 4, 6,
49: 48, 50, 28, 90, 66,
50: 49, 51, 22, 42, 43, 32, 79,
51: 50, 52, 40,
52: 51, 53, 44, 71,
53: 52, 54, 13, 30,
54: 53, 55, 8,
55: 54, 56, 15, 83,
56: 55, 57, 18, 86,
57: 56, 58, 24,
58: 57, 59, 29,
59: 58, 60, 8, 26, 20, 62, 42, 47,
60: 59, 61, 26,
61: 60, 62, 26,
62: 61, 63, 12, 33, 59, 28, 16, 86, 94,
63: 62, 64, 12, 16, 67, 9, 71,
64: 63, 65, 43,
65: 64, 66, 7, 43,
66: 65, 67, 32, 83, 49, 14, 94, 30, 38, 89,
67: 66, 68, 0, 39, 63,
68: 67, 69, 2, 36,
69: 68, 70, 18, 33, 38, 43, 86, 19,
70: 69, 71, 98,
71: 70, 72, 63, 52,
72: 71, 73, 17,
73: 72, 74, 86,
74: 73, 75, 33,
75: 74, 76, 19,
76: 75, 77, 12,
77: 76, 78, 44,
78: 77, 79, 9,
79: 78, 80, 28, 50,
80: 79, 81, 16,
81: 80, 82, 19, 41, 93,
82: 81, 83, 6, 11, 85,
83: 82, 84, 66, 55, 93,
84: 83, 85, 0, 97,
85: 84, 86, 82, 18,
86: 85, 87, 69, 73, 62, 12, 56, 33, 19, 96,
87: 86, 88, 14,
88: 87, 89, 14,
89: 88, 90, 66,
90: 89, 91, 34, 49,
91: 90, 92, 4,
92: 91, 93, 5, 14,
93: 92, 94, 81, 83,
94: 93, 95, 66, 62, 29,
95: 94, 96, 32,
96: 95, 97, 8, 47, 26, 43, 98, 32, 86,
97: 96, 98, 12, 84,
98: 97, 99, 70, 96, 14,
99: 98, 12, 14,
