100
0: 1, 16, 9, 15, 28, 32, 40,
1: 0, 2, 91, 72, 45, 64, 47,
2: 1, 3, 99, 73, 91, 39, 32,
3: 2, 4, 5,
4: 3, 5,
5: 4, 6, 3, 52, 17,
6: 5, 7,
7: 6, 8,
8: 7, 9, 56, 60,
9: 8, 10, 0,
10: 9, 11, 69, 85, 41, 56,
11: 10, 12, 98, 20,
12: 11, 13, 33, 47,
13: 12, 14, 92, 94, 39, 89, 59, 74,
14: 13, 15, 48, 19,
15: 14, 16, 0,
16: 15, 17, 0, 87, 68, 91,
17: 16, 18, 5, 32, 26, 69, 65, 67, 63, 83, 88, 90, 0, 0, 65, 0, 15, 17, 0, 87, 68, 91,
18: 17, 19, 61, 35, 74, 38,
19: 18, 20, 49, 14, 32, 57,
20: 19, 21, 11, 35, 26, 59, 36, 40, 78,
21: 20, 22, 26, 42, 41, 68,
22: 21, 23, 36,
23: 22, 24, 82, 27,
24: 23, 25, 43, 58, 86,
25: 24, 26, 51, 85, 67, 96, 50, 69, 91,
26: 25, 27, 17, 20, 21,
27: 26, 28, 23, 29,
28: 27, 29, 53, 0, 74,
29: 28, 30, 33, 27, 79, 37, 63, 51, 78,
30: 29, 31, 71, 95, 50, 46, 98,
31: 30, 32, 78, 73, 91,
32: 31, 33, 17, 19, 2, 88, 97, 0, 38, 86, 66, 71, 0, 0, 65, 0, 30, 32, 78, 73, 91,
33: 32, 34, 12, 29,
34: 33, 35, 81, 68,
35: 34, 36, 18, 20,
36: 35, 37, 22, 20, 74,
37: 36, 38, 29,
38: 37, 39, 32, 18, 75,
39: 38, 40, 2, 13,
40: 39, 41, 44, 20, 0, 66, 74,
41: 40, 42, 10, 21, 74,
42: 41, 43, 21,
43: 42, 44, 24, 84, 49,
44: 43, 45, 40, 81, 78, 69, 84, 91,
45: 44, 46, 1, 95,
46: 45, 47, 30, 84,
47: 46, 48, 1, 12,
48: 47, 49, 14,
49: 48, 50, 19, 43, 80,
50: 49, 51, 30, 25,
51: 50, 52, 25, 29, 76,
52: 51, 53, 5,
53: 52, 54, 28,
54: 53, 55, 59, 62,
55: 54, 56, 89, 91,
56: 55, 57, 8, 10, 70, 93, 80,
57: 56, 58, 83, 19,
58: 57, 59, 24,
59: 58, 60, 13, 20, 54, 69,
60: 59, 61, 8,
61: 60, 62, 18,
62: 61, 63, 54,
63: 62, 64, 17, 29,
64: 63, 65, 1,
65: 64, 66, 17,
66: 65, 67, 32, 40,
67: 66, 68, 17, 25,
68: 67, 69, 21, 34, 16, 86,
69: 68, 70, 10, 17, 44, 59, 25,
70: 69, 71, 56,
71: 70, 72, 30, 32,
72: 71, 73, 1,
73: 72, 74, 2, 31,
74: 73, 75, 18, 28, 93, 87, 36, 41, 77, 40, 13,
75: 74, 76, 38,
76: 75, 77, 51,
77: 76, 78, 74,
78: 77, 79, 31, 44, 29, 20, 82,
79: 78, 80, 29,
80: 79, 81, 56, 49,
81: 80, 82, 34, 44,
82: 81, 83, 23, 78,
83: 82, 84, 57, 17,
84: 83, 85, 43, 44, 46,
85: 84, 86, 10, 25,
86: 85, 87, 24, 32, 68,
87: 86, 88, 16, 74,
88: 87, 89, 32, 17,
89: 88, 90, 13, 55,
90: 89, 91, 17,
91: 90, 92, 1, 2, 44, 32, 25, 55, 17,
92: 91, 93, 13,
93: 92, 94, 56, 74,
94: 93, 95, 13,
95: 94, 96, 30, 45,
96: 95, 97, 25,
97: 96, 98, 32,
98: 97, 99, 11, 30,
99: 98, 2,
