100
0: 1, 37, 77, 68, 55,
1: 0, 2, 11,
2: 1, 3, 64, 99,
3: 2, 4,
4: 3, 5,
5: 4, 6,
6: 5, 7, 40, 24, 58, 20,
7: 6, 8, 86, 12, 20, 22,
8: 7, 9, 10, 32, 71, 21, 26, 79,
9: 8, 10, 61, 50, 93, 74, 39, 90, 80, 28, 32, 78, 0, 0, 65, 0, 9, 11, 8, 95, 15, 37, 88,
10: 9, 11, 8, 95, 15, 37, 88,
11: 10, 12, 1, 82, 54,
12: 11, 13, 7,
13: 12, 14, 38, 59,
14: 13, 15, 41, 94, 44, 26,
15: 14, 16, 10, 17,
16: 15, 17, 27, 30,
17: 16, 18, 33, 66, 15, 32, 65, 75,
18: 17, 19, 45, 98,
19: 18, 20, 89, 69, 75,
20: 19, 21, 6, 7,
21: 20, 22, 23, 8, 30,
22: 21, 23, 7, 30,
23: 22, 24, 21,
24: 23, 25, 6,
25: 24, 26, 42, 64,
26: 25, 27, 14, 47, 8, 56, 31, 45, 73,
27: 26, 28, 16,
28: 27, 29, 9, 75,
29: 28, 30, 75, 98,
30: 29, 31, 63, 16, 93, 21, 22, 46, 82,
31: 30, 32, 26, 73,
32: 31, 33, 8, 9, 17, 77, 62,
33: 32, 34, 17,
34: 33, 35, 72, 65,
35: 34, 36, 91, 64,
36: 35, 37, 96, 59,
37: 36, 38, 0, 9, 70, 41, 88, 48,
38: 37, 39, 13,
39: 38, 40, 9, 78, 75,
40: 39, 41, 6, 70, 65,
41: 40, 42, 14, 37,
42: 41, 43, 25,
43: 42, 44, 53, 51,
44: 43, 45, 14, 96, 87,
45: 44, 46, 18, 26, 88,
46: 45, 47, 30, 59,
47: 46, 48, 26,
48: 47, 49, 37, 54,
49: 48, 50, 60,
50: 49, 51, 9,
51: 50, 52, 43,
52: 51, 53, 73, 80, 82, 79, 98,
53: 52, 54, 43,
54: 53, 55, 48, 79, 57, 92, 11, 65, 75, 84, 99,
55: 54, 56, 0,
56: 55, 57, 26,
57: 56, 58, 54,
58: 57, 59, 6,
59: 58, 60, 36, 46, 13,
60: 59, 61, 49, 84, 97,
61: 60, 62, 9,
62: 61, 63, 32, 67, 96,
63: 62, 64, 30,
64: 63, 65, 2, 25, 35, 66,
65: 64, 66, 54, 34, 17, 40,
66: 65, 67, 17, 71, 92, 64, 99,
67: 66, 68, 62, 76, 71, 75,
68: 67, 69, 0,
69: 68, 70, 19,
70: 69, 71, 37, 40,
71: 70, 72, 8, 66, 67,
72: 71, 73, 34, 81,
73: 72, 74, 52, 31, 26, 95, 88,
74: 73, 75, 9,
75: 74, 76, 28, 29, 17, 19, 67, 39, 81, 54,
76: 75, 77, 67,
77: 76, 78, 0, 32,
78: 77, 79, 9, 39,
79: 78, 80, 54, 52, 8,
80: 79, 81, 9, 52,
81: 80, 82, 72, 75,
82: 81, 83, 11, 52, 30,
83: 82, 84, 98,
84: 83, 85, 60, 54,
85: 84, 86, 97,
86: 85, 87, 7,
87: 86, 88, 44,
88: 87, 89, 37, 45, 9, 73, 92,
89: 88, 90, 19,
90: 89, 91, 9,
91: 90, 92, 35,
92: 91, 93, 54, 66, 88,
93: 92, 94, 9, 30,
94: 93, 95, 14,
95: 94, 96, 10, 73,
96: 95, 97, 36, 44, 62, 98,
97: 96, 98, 60, 85,
98: 97, 99, 83, 29, 96, 52, 18,
99: 98, 2, 66, 54,
