100
0: 1, 42, 79, 98, 5, 24,
1: 0, 2, 87,
2: 1, 3, 72, 17,
3: 2, 4,
4: 3, 5,
5: 4, 6, 69, 26, 22, 0,
6: 5, 7,
7: 6, 8, 68,
8: 7, 9, 30, 49,
9: 8, 10, 62, 47, 33, 34,
10: 9, 11, 16, 68, 12, 13, 40,
11: 10, 12, 41, 15,
12: 11, 13, 10,
13: 12, 14, 10, 36, 57,
14: 13, 15, 20, 17,
15: 14, 16, 11, 95, 46, 81,
16: 15, 17, 10,
17: 16, 18, 41, 2, 74, 14, 63,
18: 17, 19, 50, 49,
19: 18, 20, 99,
20: 19, 21, 14,
21: 20, 22, 38, 55, 94,
22: 21, 23, 5,
23: 22, 24, 80, 35, 39, 59, 40, 62,
24: 23, 25, 35, 0, 44,
25: 24, 26, 96, 64, 83, 37, 75, 45, 32, 81, 86,
26: 25, 27, 5, 90, 49,
27: 26, 28, 48, 32,
28: 27, 29, 56, 49,
29: 28, 30, 73, 32,
30: 29, 31, 8, 57, 88, 39, 58, 66, 71,
31: 30, 32, 56, 76,
32: 31, 33, 25, 43, 27, 93, 29,
33: 32, 34, 9, 44,
34: 33, 35, 65, 9, 49, 85,
35: 34, 36, 23, 24,
36: 35, 37, 13,
37: 36, 38, 25,
38: 37, 39, 21,
39: 38, 40, 23, 30,
40: 39, 41, 23, 84, 10, 58,
41: 40, 42, 11, 17,
42: 41, 43, 0,
43: 42, 44, 32,
44: 43, 45, 33, 53, 51, 24, 81,
45: 44, 46, 25,
46: 45, 47, 15, 77,
47: 46, 48, 9, 67, 62,
48: 47, 49, 27,
49: 48, 50, 8, 18, 71, 54, 26, 52, 34, 28, 62,
50: 49, 51, 18,
51: 50, 52, 44,
52: 51, 53, 49,
53: 52, 54, 44, 92,
54: 53, 55, 49,
55: 54, 56, 21,
56: 55, 57, 28, 31,
57: 56, 58, 30, 13, 89,
58: 57, 59, 62, 40, 30, 63, 81,
59: 58, 60, 23,
60: 59, 61, 91, 94,
61: 60, 62, 89,
62: 61, 63, 9, 58, 23, 82, 49, 47,
63: 62, 64, 58, 17,
64: 63, 65, 25,
65: 64, 66, 34,
66: 65, 67, 30,
67: 66, 68, 47,
68: 67, 69, 7, 10,
69: 68, 70, 5,
70: 69, 71, 87, 80,
71: 70, 72, 49, 83, 78, 30, 97,
72: 71, 73, 2,
73: 72, 74, 29,
74: 73, 75, 17,
75: 74, 76, 25,
76: 75, 77, 31,
77: 76, 78, 46, 80,
78: 77, 79, 71,
79: 78, 80, 0,
80: 79, 81, 23, 77, 70,
81: 80, 82, 25, 44, 15, 87, 58,
82: 81, 83, 62,
83: 82, 84, 25, 71,
84: 83, 85, 40,
85: 84, 86, 34,
86: 85, 87, 25,
87: 86, 88, 1, 70, 81,
88: 87, 89, 30,
89: 88, 90, 61, 57,
90: 89, 91, 26,
91: 90, 92, 60,
92: 91, 93, 53,
93: 92, 94, 32,
94: 93, 95, 60, 21,
95: 94, 96, 15,
96: 95, 97, 25,
97: 96, 98, 71,
98: 97, 99, 0,
99: 98, 19,
