100
0: 1, 78, 44,
1: 0, 2, 33, 25,
2: 1, 3,
3: 2, 4,
4: 3, 5, 17, 86,
5: 4, 6, 76,
6: 5, 7, 40,
7: 6, 8, 74, 92,
8: 7, 9, 93,
9: 8, 10, 49, 27,
10: 9, 11, 12, 22,
11: 10, 12, 24, 62,
12: 11, 13, 10,
13: 12, 14, 20, 45, 16, 46,
14: 13, 15, 16, 29, 32, 67, 23, 54, 57, 89, 52, 39, 0, 0, 65, 0, 14, 16, 54, 34, 43, 53, 80, 95,
15: 14, 16, 54, 34, 43, 53, 80, 95,
16: 15, 17, 13, 14,
17: 16, 18, 4,
18: 17, 19, 48, 98, 50, 75,
19: 18, 20, 88, 92,
20: 19, 21, 13, 64, 96, 70,
21: 20, 22, 30, 26, 48, 50,
22: 21, 23, 10, 77,
23: 22, 24, 14,
24: 23, 25, 11, 56, 73, 96, 66, 83,
25: 24, 26, 52, 38, 28, 1, 29, 45, 46, 80,
26: 25, 27, 21,
27: 26, 28, 9, 55, 66, 82,
28: 27, 29, 25,
29: 28, 30, 14, 25,
30: 29, 31, 21, 51, 46,
31: 30, 32, 88, 47, 45, 50,
32: 31, 33, 14,
33: 32, 34, 1,
34: 33, 35, 15, 37, 53,
35: 34, 36, 90, 46,
36: 35, 37, 73, 48,
37: 36, 38, 34,
38: 37, 39, 25,
39: 38, 40, 14, 80,
40: 39, 41, 6, 60, 48,
41: 40, 42, 66, 71, 84,
42: 41, 43, 99, 79, 85,
43: 42, 44, 14, 45,
44: 43, 45, 53, 0, 84, 97,
45: 44, 46, 13, 31, 50, 54, 43, 58, 25, 84,
46: 45, 47, 25, 70, 35, 13, 30,
47: 46, 48, 31, 66, 72,
48: 47, 49, 18, 40, 68, 56, 59, 36, 91, 21, 81, 54, 0, 0, 65, 0, 48, 50, 9, 87,
49: 48, 50, 9, 87,
50: 49, 51, 45, 69, 18, 31, 21, 84,
51: 50, 52, 30,
52: 51, 53, 14, 25,
53: 52, 54, 44, 34, 14,
54: 53, 55, 14, 15, 45, 61, 56, 48, 65, 59, 67, 71, 0, 0, 65, 0, 54, 56, 27, 80,
55: 54, 56, 27, 80,
56: 55, 57, 24, 48, 54, 59,
57: 56, 58, 14,
58: 57, 59, 45,
59: 58, 60, 48, 56, 90, 54, 79, 63,
60: 59, 61, 40,
61: 60, 62, 54, 68, 69,
62: 61, 63, 11,
63: 62, 64, 59,
64: 63, 65, 20,
65: 64, 66, 54,
66: 65, 67, 24, 41, 47, 27, 94, 84,
67: 66, 68, 14, 96, 54,
68: 67, 69, 48, 61,
69: 68, 70, 50, 61, 72,
70: 69, 71, 20, 46,
71: 70, 72, 41, 54, 80,
72: 71, 73, 47, 69, 75,
73: 72, 74, 24, 36,
74: 73, 75, 7,
75: 74, 76, 72, 18, 80,
76: 75, 77, 5,
77: 76, 78, 22,
78: 77, 79, 0,
79: 78, 80, 42, 59, 82, 84,
80: 79, 81, 14, 71, 39, 25, 96, 54, 75,
81: 80, 82, 48,
82: 81, 83, 79, 27,
83: 82, 84, 24,
84: 83, 85, 44, 41, 79, 66, 50, 45,
85: 84, 86, 42,
86: 85, 87, 4,
87: 86, 88, 48, 97,
88: 87, 89, 19, 31,
89: 88, 90, 14,
90: 89, 91, 35, 59,
91: 90, 92, 48,
92: 91, 93, 7, 19,
93: 92, 94, 8,
94: 93, 95, 66,
95: 94, 96, 14,
96: 95, 97, 20, 24, 67, 80,
97: 96, 98, 87, 44,
98: 97, 99, 18,
99: 98, 42,
