100
0: 1, 59, 34,
1: 0, 2, 27, 12,
2: 1, 3,
3: 2, 4,
4: 3, 5, 16, 91,
5: 4, 6, 94, 62,
6: 5, 7, 47, 36,
7: 6, 8, 25, 18,
8: 7, 9, 80, 13, 50, 43,
9: 8, 10, 42, 29,
10: 9, 11, 71, 89, 51,
11: 10, 12, 22, 23,
12: 11, 13, 1, 23,
13: 12, 14, 8,
14: 13, 15, 92, 24, 39, 86,
15: 14, 16, 63, 20,
16: 15, 17, 4,
17: 16, 18, 90, 98, 74, 23, 65,
18: 17, 19, 30, 7, 75,
19: 18, 20, 79, 38,
20: 19, 21, 46, 15, 76, 68, 74, 95, 97,
21: 20, 22, 73,
22: 21, 23, 11,
23: 22, 24, 17, 12, 11, 28, 35,
24: 23, 25, 14, 84, 26,
25: 24, 26, 7, 33, 53,
26: 25, 27, 31, 24, 35, 62,
27: 26, 28, 1,
28: 27, 29, 23, 57,
29: 28, 30, 56, 9, 97, 40, 65,
30: 29, 31, 18, 37, 32,
31: 30, 32, 26, 69, 66,
32: 31, 33, 30, 38,
33: 32, 34, 25,
34: 33, 35, 0, 86, 38, 48,
35: 34, 36, 26, 49, 23, 99, 55, 63, 65,
36: 35, 37, 6,
37: 36, 38, 30,
38: 37, 39, 85, 34, 32, 19,
39: 38, 40, 14,
40: 39, 41, 29, 77,
41: 40, 42, 61, 74,
42: 41, 43, 9, 81,
43: 42, 44, 8, 71, 56,
44: 43, 45, 89, 86,
45: 44, 46, 96, 77,
46: 45, 47, 20, 60, 66,
47: 46, 48, 6,
48: 47, 49, 34, 65,
49: 48, 50, 35, 72,
50: 49, 51, 8, 54,
51: 50, 52, 10, 58,
52: 51, 53, 80, 66,
53: 52, 54, 98, 25,
54: 53, 55, 50,
55: 54, 56, 35,
56: 55, 57, 29, 43, 74,
57: 56, 58, 28, 65,
58: 57, 59, 51, 74,
59: 58, 60, 0,
60: 59, 61, 46,
61: 60, 62, 41,
62: 61, 63, 5, 97, 26, 72,
63: 62, 64, 15, 35,
64: 63, 65, 90, 75,
65: 64, 66, 35, 48, 70, 57, 29, 17,
66: 65, 67, 52, 31, 46,
67: 66, 68, 88, 78,
68: 67, 69, 20,
69: 68, 70, 31,
70: 69, 71, 65, 77,
71: 70, 72, 10, 43, 88,
72: 71, 73, 49, 62,
73: 72, 74, 21,
74: 73, 75, 17, 97, 93, 76, 58, 56, 20, 41,
75: 74, 76, 18, 64, 83,
76: 75, 77, 20, 74, 87,
77: 76, 78, 70, 45, 40, 95, 86,
78: 77, 79, 95, 67, 82,
79: 78, 80, 19,
80: 79, 81, 8, 52,
81: 80, 82, 42,
82: 81, 83, 78,
83: 82, 84, 75,
84: 83, 85, 24,
85: 84, 86, 38,
86: 85, 87, 34, 77, 14, 44,
87: 86, 88, 76,
88: 87, 89, 67, 71,
89: 88, 90, 10, 44,
90: 89, 91, 17, 64,
91: 90, 92, 4,
92: 91, 93, 14,
93: 92, 94, 74,
94: 93, 95, 5,
95: 94, 96, 77, 78, 20,
96: 95, 97, 45,
97: 96, 98, 29, 62, 74, 20,
98: 97, 99, 17, 53,
99: 98, 35,
