100
0: 1, 66, 84, 30, 38,
1: 0, 2, 30, 4, 89, 33,
2: 1, 3, 59, 68, 67, 46, 76, 85,
3: 2, 4,
4: 3, 5, 1, 97, 32, 22, 45, 35, 69,
5: 4, 6,
6: 5, 7, 98, 17,
7: 6, 8,
8: 7, 9, 49,
9: 8, 10,
10: 9, 11, 51, 67,
11: 10, 12, 58, 70, 52, 50, 56, 64,
12: 11, 13, 36, 43,
13: 12, 14, 79, 26, 43, 87,
14: 13, 15, 21, 66, 29, 40,
15: 14, 16, 98, 27,
16: 15, 17, 97, 23, 92, 93,
17: 16, 18, 6, 83, 86, 30, 52, 55,
18: 17, 19, 23, 20,
19: 18, 20, 28, 73, 72, 22, 24, 94,
20: 19, 21, 18, 52,
21: 20, 22, 14,
22: 21, 23, 4, 19, 96,
23: 22, 24, 16, 18,
24: 23, 25, 19, 44, 71, 82,
25: 24, 26, 53, 58, 56, 92,
26: 25, 27, 13,
27: 26, 28, 15, 80,
28: 27, 29, 19, 37, 94, 71, 47, 55, 96,
29: 28, 30, 14, 83, 86, 57, 61, 76, 56, 96,
30: 29, 31, 1, 63, 67, 0, 17, 40, 62,
31: 30, 32, 82, 78, 87,
32: 31, 33, 4,
33: 32, 34, 43, 60, 1, 70, 41,
34: 33, 35, 99, 43,
35: 34, 36, 4,
36: 35, 37, 12,
37: 36, 38, 28,
38: 37, 39, 97, 0, 41, 91,
39: 38, 40, 75, 70,
40: 39, 41, 14, 30, 56, 87,
41: 40, 42, 38, 33, 64, 82,
42: 41, 43, 81, 46,
43: 42, 44, 33, 34, 13, 12, 73, 64, 65, 80, 91,
44: 43, 45, 24,
45: 44, 46, 4,
46: 45, 47, 2, 42, 55,
47: 46, 48, 28, 85,
48: 47, 49, 76, 92,
49: 48, 50, 8,
50: 49, 51, 11, 56,
51: 50, 52, 10,
52: 51, 53, 11, 17, 54, 20, 80,
53: 52, 54, 25,
54: 53, 55, 52,
55: 54, 56, 46, 17, 28, 80,
56: 55, 57, 11, 84, 25, 29, 40, 50, 73,
57: 56, 58, 29,
58: 57, 59, 11, 25,
59: 58, 60, 2,
60: 59, 61, 33,
61: 60, 62, 29,
62: 61, 63, 30, 92,
63: 62, 64, 30,
64: 63, 65, 43, 91, 11, 66, 93, 41, 77, 98,
65: 64, 66, 43, 96,
66: 65, 67, 0, 14, 64,
67: 66, 68, 2, 10, 30,
68: 67, 69, 2,
69: 68, 70, 4,
70: 69, 71, 11, 33, 90, 39,
71: 70, 72, 28, 24,
72: 71, 73, 19,
73: 72, 74, 19, 43, 56, 88,
74: 73, 75, 96,
75: 74, 76, 39,
76: 75, 77, 2, 29, 48,
77: 76, 78, 64,
78: 77, 79, 31,
79: 78, 80, 13,
80: 79, 81, 55, 27, 43, 52, 96,
81: 80, 82, 42,
82: 81, 83, 31, 93, 98, 41, 24,
83: 82, 84, 17, 29,
84: 83, 85, 0, 56,
85: 84, 86, 47, 2, 94,
86: 85, 87, 17, 29,
87: 86, 88, 40, 96, 31, 13, 94,
88: 87, 89, 73,
89: 88, 90, 1,
90: 89, 91, 70,
91: 90, 92, 64, 43, 38,
92: 91, 93, 62, 16, 48, 25, 94, 95,
93: 92, 94, 64, 82, 16,
94: 93, 95, 28, 87, 92, 19, 85,
95: 94, 96, 92,
96: 95, 97, 74, 87, 80, 22, 29, 28, 65,
97: 96, 98, 4, 16, 38,
98: 97, 99, 6, 15, 64, 82,
99: 98, 34,
