100
0: 1, 23, 24,
1: 0, 2, 32, 26, 22, 11, 33, 87, 58, 38, 48, 97, 0, 0, 65, 0, 1, 3,
2: 1, 3,
3: 2, 4, 84,
4: 3, 5, 61, 9,
5: 4, 6, 93, 57,
6: 5, 7, 81,
7: 6, 8, 9,
8: 7, 9, 39, 62, 53, 69,
9: 8, 10, 4, 7, 49, 90, 34, 81, 50, 21, 24, 57, 0, 0, 65, 0, 9, 11, 67, 69, 79, 94,
10: 9, 11, 67, 69, 79, 94,
11: 10, 12, 1,
12: 11, 13, 38, 26, 72, 17, 42, 31, 95,
13: 12, 14, 76, 82, 35, 33, 18,
14: 13, 15, 94, 93, 89,
15: 14, 16, 63, 90,
16: 15, 17, 60, 46,
17: 16, 18, 12,
18: 17, 19, 13,
19: 18, 20, 66, 55, 31, 79,
20: 19, 21, 40, 71, 51, 85, 41, 47,
21: 20, 22, 9,
22: 21, 23, 1,
23: 22, 24, 0, 67, 68, 73, 88,
24: 23, 25, 9, 0, 28,
25: 24, 26, 92, 95, 88, 97,
26: 25, 27, 1, 12,
27: 26, 28, 59, 83,
28: 27, 29, 79, 24, 57, 90,
29: 28, 30, 42, 77,
30: 29, 31, 50, 42,
31: 30, 32, 69, 33, 19, 12, 52, 64, 94, 99,
32: 31, 33, 1, 63, 97,
33: 32, 34, 1, 13, 31, 60, 75, 83,
34: 33, 35, 9,
35: 34, 36, 13,
36: 35, 37, 63, 78,
37: 36, 38, 93, 72, 95,
38: 37, 39, 1, 12,
39: 38, 40, 8,
40: 39, 41, 20,
41: 40, 42, 20, 49,
42: 41, 43, 12, 29, 30, 99,
43: 42, 44, 70, 55, 78, 64,
44: 43, 45, 65, 90,
45: 44, 46, 92, 64,
46: 45, 47, 56, 91, 16, 50, 94,
47: 46, 48, 20,
48: 47, 49, 1, 71,
49: 48, 50, 9, 41, 74,
50: 49, 51, 9, 30, 46,
51: 50, 52, 20,
52: 51, 53, 31, 99,
53: 52, 54, 8, 99,
54: 53, 55, 67, 69,
55: 54, 56, 19, 43,
56: 55, 57, 46,
57: 56, 58, 5, 28, 9,
58: 57, 59, 1,
59: 58, 60, 27,
60: 59, 61, 16, 33,
61: 60, 62, 4,
62: 61, 63, 8,
63: 62, 64, 15, 32, 36,
64: 63, 65, 45, 31, 43, 69, 71,
65: 64, 66, 44,
66: 65, 67, 19,
67: 66, 68, 23, 54, 95, 9, 96, 71,
68: 67, 69, 23,
69: 68, 70, 31, 54, 9, 64, 8, 73, 89,
70: 69, 71, 43,
71: 70, 72, 20, 98, 64, 67, 48,
72: 71, 73, 12, 37,
73: 72, 74, 23, 69, 90,
74: 73, 75, 49,
75: 74, 76, 33,
76: 75, 77, 13,
77: 76, 78, 29, 80,
78: 77, 79, 43, 36, 95,
79: 78, 80, 28, 9, 19, 95,
80: 79, 81, 77,
81: 80, 82, 6, 9,
82: 81, 83, 13,
83: 82, 84, 27, 33, 94,
84: 83, 85, 3,
85: 84, 86, 20,
86: 85, 87, 96,
87: 86, 88, 1,
88: 87, 89, 25, 23, 95,
89: 88, 90, 69, 14,
90: 89, 91, 9, 28, 73, 15, 44,
91: 90, 92, 46,
92: 91, 93, 25, 45,
93: 92, 94, 5, 14, 37,
94: 93, 95, 14, 31, 9, 46, 83,
95: 94, 96, 25, 67, 88, 78, 79, 37, 12,
96: 95, 97, 67, 86,
97: 96, 98, 1, 32, 25,
98: 97, 99, 71,
99: 98, 42, 52, 53, 31,
