100
0: 1, 94, 66,
1: 0, 2, 86, 22,
2: 1, 3,
3: 2, 4,
4: 3, 5, 72, 41,
5: 4, 6, 16, 44, 8,
6: 5, 7, 75, 31, 9,
7: 6, 8, 65, 30, 36,
8: 7, 9, 5, 52, 21, 26,
9: 8, 10, 6, 92, 60, 91,
10: 9, 11, 45, 70, 26, 31,
11: 10, 12, 71, 48,
12: 11, 13, 62, 61, 25,
13: 12, 14, 92, 73, 48, 53, 25, 27, 66,
14: 13, 15, 19, 24,
15: 14, 16, 97, 25,
16: 15, 17, 5,
17: 16, 18, 58, 59, 28, 25, 26, 47,
18: 17, 19, 98,
19: 18, 20, 14,
20: 19, 21, 60, 77,
21: 20, 22, 82, 8, 83, 32, 51, 57,
22: 21, 23, 73, 1, 32, 41,
23: 22, 24, 56, 37,
24: 23, 25, 14, 77,
25: 24, 26, 55, 73, 13, 46, 76, 15, 42, 43, 12, 17, 0, 0, 65, 0, 25, 27, 17, 10, 98, 8, 37, 80, 83, 91,
26: 25, 27, 17, 10, 98, 8, 37, 80, 83, 91,
27: 26, 28, 13, 81,
28: 27, 29, 17, 39, 63,
29: 28, 30, 92, 77,
30: 29, 31, 7,
31: 30, 32, 6, 59, 95, 10, 35,
32: 31, 33, 54, 22, 84, 21, 40, 47, 37, 41, 77,
33: 32, 34, 60,
34: 33, 35, 50, 38,
35: 34, 36, 85, 31,
36: 35, 37, 7, 53, 81,
37: 36, 38, 23, 32, 26, 89,
38: 37, 39, 34, 66,
39: 38, 40, 28,
40: 39, 41, 32, 96, 91,
41: 40, 42, 4, 68, 22, 32, 66,
42: 41, 43, 25,
43: 42, 44, 25,
44: 43, 45, 5, 46, 60,
45: 44, 46, 10,
46: 45, 47, 25, 44, 78, 66,
47: 46, 48, 32, 17, 79,
48: 47, 49, 11, 13,
49: 48, 50, 97, 60, 67,
50: 49, 51, 34,
51: 50, 52, 69, 21, 93,
52: 51, 53, 8,
53: 52, 54, 13, 36,
54: 53, 55, 32, 98, 66,
55: 54, 56, 25,
56: 55, 57, 23,
57: 56, 58, 21,
58: 57, 59, 17,
59: 58, 60, 17, 31,
60: 59, 61, 20, 33, 49, 9, 44, 64,
61: 60, 62, 12,
62: 61, 63, 12,
63: 62, 64, 28, 74,
64: 63, 65, 60, 84,
65: 64, 66, 7,
66: 65, 67, 13, 46, 72, 90, 0, 41, 74, 54, 38,
67: 66, 68, 91, 49, 88,
68: 67, 69, 41,
69: 68, 70, 51,
70: 69, 71, 10,
71: 70, 72, 11,
72: 71, 73, 4, 66,
73: 72, 74, 13, 22, 25,
74: 73, 75, 66, 63, 88, 83,
75: 74, 76, 6,
76: 75, 77, 25,
77: 76, 78, 29, 20, 24, 32, 99,
78: 77, 79, 46,
79: 78, 80, 47, 87,
80: 79, 81, 26, 99,
81: 80, 82, 36, 27,
82: 81, 83, 21,
83: 82, 84, 21, 88, 26, 74, 93,
84: 83, 85, 32, 64, 93,
85: 84, 86, 35,
86: 85, 87, 1,
87: 86, 88, 79, 93,
88: 87, 89, 74, 83, 67, 93,
89: 88, 90, 95, 37,
90: 89, 91, 66,
91: 90, 92, 67, 9, 40, 25,
92: 91, 93, 9, 13, 29,
93: 92, 94, 88, 84, 51, 83, 87,
94: 93, 95, 0,
95: 94, 96, 31, 89,
96: 95, 97, 40,
97: 96, 98, 15, 49,
98: 97, 99, 18, 26, 54,
99: 98, 80, 77,
