100
0: 1, 58, 75, 87,
1: 0, 2, 11, 27, 9, 88,
2: 1, 3, 54, 38, 29, 12, 34, 96,
3: 2, 4,
4: 3, 5,
5: 4, 6,
6: 5, 7, 71,
7: 6, 8, 89,
8: 7, 9, 32, 41,
9: 8, 10, 85, 1, 68,
10: 9, 11, 19, 63,
11: 10, 12, 1, 94, 24,
12: 11, 13, 2, 40, 16, 22,
13: 12, 14, 37, 35,
14: 13, 15, 74, 52, 18, 57,
15: 14, 16, 49, 77, 87, 92,
16: 15, 17, 12, 61,
17: 16, 18, 36, 33, 31, 96,
18: 17, 19, 14, 24,
19: 18, 20, 10,
20: 19, 21, 44, 22,
21: 20, 22, 50, 24,
22: 21, 23, 81, 45, 93, 12, 46, 69, 20, 55,
23: 22, 24, 40, 70,
24: 23, 25, 11, 18, 28, 21, 40, 57,
25: 24, 26, 60, 99,
26: 25, 27, 80, 52, 51,
27: 26, 28, 1,
28: 27, 29, 24,
29: 28, 30, 2, 45, 77,
30: 29, 31, 33,
31: 30, 32, 17,
32: 31, 33, 8,
33: 32, 34, 17, 30,
34: 33, 35, 2, 61,
35: 34, 36, 13,
36: 35, 37, 17, 96, 40,
37: 36, 38, 13,
38: 37, 39, 2, 99, 78, 79, 59, 61, 88,
39: 38, 40, 64, 62,
40: 39, 41, 12, 23, 24, 73, 36, 63, 92, 59,
41: 40, 42, 8, 96,
42: 41, 43, 86, 82,
43: 42, 44, 97, 70, 47, 76, 48,
44: 43, 45, 20,
45: 44, 46, 22, 29, 91, 59,
46: 45, 47, 22, 53, 81,
47: 46, 48, 43,
48: 47, 49, 43, 84,
49: 48, 50, 15,
50: 49, 51, 21,
51: 50, 52, 26, 91,
52: 51, 53, 14, 26,
53: 52, 54, 46,
54: 53, 55, 2,
55: 54, 56, 22,
56: 55, 57, 95,
57: 56, 58, 14, 24, 88, 99,
58: 57, 59, 0,
59: 58, 60, 40, 45, 38, 96,
60: 59, 61, 25, 72, 79, 96, 98,
61: 60, 62, 34, 38, 16,
62: 61, 63, 39,
63: 62, 64, 10, 40,
64: 63, 65, 39,
65: 64, 66, 98,
66: 65, 67, 88,
67: 66, 68, 80,
68: 67, 69, 9,
69: 68, 70, 22, 83, 81,
70: 69, 71, 43, 23, 88, 80,
71: 70, 72, 6,
72: 71, 73, 60,
73: 72, 74, 40,
74: 73, 75, 14,
75: 74, 76, 0,
76: 75, 77, 43,
77: 76, 78, 15, 29,
78: 77, 79, 38,
79: 78, 80, 38, 60,
80: 79, 81, 26, 67, 70, 97, 84, 88,
81: 80, 82, 22, 84, 46, 69,
82: 81, 83, 42,
83: 82, 84, 69,
84: 83, 85, 81, 80, 48,
85: 84, 86, 9,
86: 85, 87, 42,
87: 86, 88, 0, 15, 89, 96,
88: 87, 89, 57, 66, 70, 1, 80, 38,
89: 88, 90, 7, 87,
90: 89, 91, 95, 98,
91: 90, 92, 45, 51,
92: 91, 93, 40, 15, 99,
93: 92, 94, 22,
94: 93, 95, 11,
95: 94, 96, 56, 90,
96: 95, 97, 36, 59, 60, 41, 87, 17, 2,
97: 96, 98, 43, 80,
98: 97, 99, 65, 90, 60,
99: 98, 38, 92, 57, 25,
