100
0: 1, 43, 97,
1: 0, 2, 85, 41,
2: 1, 3,
3: 2, 4,
4: 3, 5, 18, 47, 49, 65, 21, 37, 51,
5: 4, 6, 82, 58,
6: 5, 7, 88,
7: 6, 8, 77,
8: 7, 9, 32, 52, 10,
9: 8, 10,
10: 9, 11, 8, 96, 22, 13, 16, 23,
11: 10, 12, 64, 36, 17, 62,
12: 11, 13, 52, 44, 34, 36,
13: 12, 14, 10, 66,
14: 13, 15, 20, 85, 39, 67,
15: 14, 16, 29, 62,
16: 15, 17, 35, 58, 31, 10, 48,
17: 16, 18, 11, 38,
18: 17, 19, 4,
19: 18, 20, 59, 64, 22, 80,
20: 19, 21, 14, 74, 63, 92, 40, 50, 91,
21: 20, 22, 4,
22: 21, 23, 10, 19,
23: 22, 24, 62, 10, 35, 74,
24: 23, 25, 83, 87,
25: 24, 26, 66, 98,
26: 25, 27, 42, 59,
27: 26, 28, 45, 57,
28: 27, 29, 64, 55, 97, 83, 41, 81,
29: 28, 30, 15, 92, 68, 47, 87,
30: 29, 31, 45,
31: 30, 32, 16,
32: 31, 33, 8, 56, 61,
33: 32, 34, 49,
34: 33, 35, 12, 53,
35: 34, 36, 16, 23, 45,
36: 35, 37, 11, 12, 83,
37: 36, 38, 4, 49, 93,
38: 37, 39, 17, 94, 50, 93,
39: 38, 40, 14,
40: 39, 41, 71, 20, 79, 97,
41: 40, 42, 28, 1, 77,
42: 41, 43, 26,
43: 42, 44, 0,
44: 43, 45, 12, 63,
45: 44, 46, 27, 30, 58, 35, 52, 73,
46: 45, 47, 94, 82, 77,
47: 46, 48, 4, 29, 53,
48: 47, 49, 16, 63,
49: 48, 50, 4, 33, 37,
50: 49, 51, 20, 38, 62,
51: 50, 52, 4,
52: 51, 53, 8, 12, 45,
53: 52, 54, 34, 47, 66, 79, 96,
54: 53, 55, 66, 60,
55: 54, 56, 28,
56: 55, 57, 32,
57: 56, 58, 78, 70, 27, 89,
58: 57, 59, 5, 16, 45, 74, 79,
59: 58, 60, 19, 26, 83,
60: 59, 61, 54,
61: 60, 62, 32, 93,
62: 61, 63, 23, 11, 50, 15,
63: 62, 64, 20, 44, 48, 83,
64: 63, 65, 11, 19, 28,
65: 64, 66, 4,
66: 65, 67, 25, 53, 54, 83, 13, 96, 73, 79,
67: 66, 68, 14, 77, 76,
68: 67, 69, 29,
69: 68, 70, 76,
70: 69, 71, 57,
71: 70, 72, 40,
72: 71, 73, 86, 79,
73: 72, 74, 66, 45, 90,
74: 73, 75, 20, 58, 23, 83,
75: 74, 76, 86,
76: 75, 77, 67, 69,
77: 76, 78, 7, 67, 41, 46,
78: 77, 79, 57,
79: 78, 80, 40, 72, 95, 53, 58, 66,
80: 79, 81, 19,
81: 80, 82, 28,
82: 81, 83, 5, 46,
83: 82, 84, 24, 28, 66, 63, 74, 36, 59,
84: 83, 85, 93,
85: 84, 86, 1, 14,
86: 85, 87, 72, 75,
87: 86, 88, 24, 29,
88: 87, 89, 6,
89: 88, 90, 57, 99,
90: 89, 91, 73,
91: 90, 92, 20, 99,
92: 91, 93, 20, 29,
93: 92, 94, 84, 37, 61, 38,
94: 93, 95, 38, 46,
95: 94, 96, 79,
96: 95, 97, 10, 66, 53,
97: 96, 98, 28, 40, 0,
98: 97, 99, 25,
99: 98, 89, 91,
