100
0: 1, 89, 25, 72, 46, 51, 18, 38, 54,
1: 0, 2, 39,
2: 1, 3, 49, 86, 64,
3: 2, 4,
4: 3, 5,
5: 4, 6, 74, 25, 36, 28,
6: 5, 7,
7: 6, 8, 34, 85, 96,
8: 7, 9, 35,
9: 8, 10, 54,
10: 9, 11, 40,
11: 10, 12, 97, 87,
12: 11, 13, 55, 33,
13: 12, 14, 61, 44, 73, 28, 59,
14: 13, 15, 94, 75, 87,
15: 14, 16, 28, 23,
16: 15, 17, 58, 98, 42,
17: 16, 18, 65, 76, 28,
18: 17, 19, 0, 66,
19: 18, 20, 75, 46, 61, 93, 79, 23, 71,
20: 19, 21, 79, 54, 95, 37, 87,
21: 20, 22, 45, 60,
22: 21, 23, 89, 57,
23: 22, 24, 19, 15, 66,
24: 23, 25, 27, 51, 66, 77,
25: 24, 26, 0, 5,
26: 25, 27, 80, 28,
27: 26, 28, 24,
28: 27, 29, 5, 15, 95, 41, 17, 13, 64, 26,
29: 28, 30, 66, 90, 52, 54,
30: 29, 31, 63, 36, 86, 50, 81,
31: 30, 32, 80, 55,
32: 31, 33, 48, 60,
33: 32, 34, 12, 56, 81,
34: 33, 35, 7, 99, 83,
35: 34, 36, 8,
36: 35, 37, 5, 30,
37: 36, 38, 20, 53,
38: 37, 39, 0,
39: 38, 40, 1,
40: 39, 41, 10,
41: 40, 42, 28, 83, 60,
42: 41, 43, 16,
43: 42, 44, 69, 67,
44: 43, 45, 13,
45: 44, 46, 21,
46: 45, 47, 0, 19,
47: 46, 48, 82,
48: 47, 49, 32,
49: 48, 50, 2, 99, 83, 79,
50: 49, 51, 30, 68, 87,
51: 50, 52, 0, 24,
52: 51, 53, 29,
53: 52, 54, 37,
54: 53, 55, 9, 20, 62, 29, 88, 0, 78, 57, 84,
55: 54, 56, 12, 31, 66,
56: 55, 57, 33,
57: 56, 58, 91, 22, 54, 79,
58: 57, 59, 16,
59: 58, 60, 13,
60: 59, 61, 21, 32, 41, 79,
61: 60, 62, 13, 19,
62: 61, 63, 54,
63: 62, 64, 30,
64: 63, 65, 28, 2,
65: 64, 66, 17,
66: 65, 67, 29, 79, 55, 23, 18, 24,
67: 66, 68, 43,
68: 67, 69, 50,
69: 68, 70, 43,
70: 69, 71, 73,
71: 70, 72, 19,
72: 71, 73, 0,
73: 72, 74, 13, 70,
74: 73, 75, 5,
75: 74, 76, 14, 19,
76: 75, 77, 17,
77: 76, 78, 24, 92, 85,
78: 77, 79, 54,
79: 78, 80, 19, 20, 66, 92, 57, 60, 94, 49,
80: 79, 81, 26, 31,
81: 80, 82, 30, 33,
82: 81, 83, 47,
83: 82, 84, 41, 49, 34, 87,
84: 83, 85, 54, 97,
85: 84, 86, 7, 77,
86: 85, 87, 2, 30,
87: 86, 88, 20, 14, 50, 11, 83,
88: 87, 89, 54,
89: 88, 90, 0, 22,
90: 89, 91, 29,
91: 90, 92, 57,
92: 91, 93, 77, 79,
93: 92, 94, 19,
94: 93, 95, 14, 79,
95: 94, 96, 20, 28,
96: 95, 97, 7,
97: 96, 98, 11, 84,
98: 97, 99, 16,
99: 98, 34, 49,
