100
0: 1, 83, 10, 96, 73, 78, 25, 79,
1: 0, 2, 3, 39,
2: 1, 3, 56, 50,
3: 2, 4, 1,
4: 3, 5,
5: 4, 6, 45, 9,
6: 5, 7,
7: 6, 8, 30, 44,
8: 7, 9, 65, 11,
9: 8, 10, 5,
10: 9, 11, 0, 96, 12,
11: 10, 12, 8, 77,
12: 11, 13, 10, 40,
13: 12, 14, 51, 16, 57, 67, 35, 46, 75,
14: 13, 15, 78, 47, 63, 21, 26,
15: 14, 16, 61, 86,
16: 15, 17, 13,
17: 16, 18, 97, 68,
18: 17, 19, 55, 26,
19: 18, 20, 36, 24,
20: 19, 21, 94, 25,
21: 20, 22, 14,
22: 21, 23, 33, 76, 64, 28,
23: 22, 24, 93, 28,
24: 23, 25, 19, 29, 50, 53,
25: 24, 26, 20, 0, 54,
26: 25, 27, 18, 14, 28, 59,
27: 26, 28, 72, 33, 41,
28: 27, 29, 22, 82, 52, 23, 26, 99,
29: 28, 30, 24,
30: 29, 31, 7, 80, 45,
31: 30, 32, 85, 84, 58, 87,
32: 31, 33, 59, 74, 71, 50,
33: 32, 34, 22, 27, 81, 36,
34: 33, 35, 45, 70, 54,
35: 34, 36, 13, 64,
36: 35, 37, 19, 79, 91, 33, 66,
37: 36, 38, 94,
38: 37, 39, 92, 89,
39: 38, 40, 1,
40: 39, 41, 12, 49,
41: 40, 42, 49, 27, 87,
42: 41, 43, 91, 46, 82,
43: 42, 44, 69, 99, 59, 68,
44: 43, 45, 7, 84,
45: 44, 46, 5, 34, 30, 58,
46: 45, 47, 42, 13, 59,
47: 46, 48, 14,
48: 47, 49, 87,
49: 48, 50, 41, 40, 87,
50: 49, 51, 89, 52, 81, 24, 2, 32,
51: 50, 52, 13,
52: 51, 53, 28, 50,
53: 52, 54, 24, 58,
54: 53, 55, 98, 90, 34, 25, 87,
55: 54, 56, 18,
56: 55, 57, 2,
57: 56, 58, 13,
58: 57, 59, 45, 31, 53, 74,
59: 58, 60, 32, 46, 43, 26, 62, 87,
60: 59, 61, 62, 95, 68, 99,
61: 60, 62, 15,
62: 61, 63, 60, 59,
63: 62, 64, 14,
64: 63, 65, 22, 35,
65: 64, 66, 8,
66: 65, 67, 36,
67: 66, 68, 13,
68: 67, 69, 88, 43, 60, 17, 77,
69: 68, 70, 43,
70: 69, 71, 34,
71: 70, 72, 32,
72: 71, 73, 27,
73: 72, 74, 0,
74: 73, 75, 32, 58,
75: 74, 76, 13, 98,
76: 75, 77, 22,
77: 76, 78, 68, 11,
78: 77, 79, 0, 14,
79: 78, 80, 36, 0,
80: 79, 81, 30,
81: 80, 82, 33, 50,
82: 81, 83, 28, 42,
83: 82, 84, 0,
84: 83, 85, 31, 44,
85: 84, 86, 31,
86: 85, 87, 15,
87: 86, 88, 48, 41, 49, 59, 31, 54,
88: 87, 89, 68,
89: 88, 90, 38, 50,
90: 89, 91, 54,
91: 90, 92, 36, 42,
92: 91, 93, 38,
93: 92, 94, 23,
94: 93, 95, 20, 37,
95: 94, 96, 60,
96: 95, 97, 0, 10,
97: 96, 98, 17,
98: 97, 99, 54, 75,
99: 98, 43, 28, 60,
