100
0: 1, 37, 51,
1: 0, 2, 47, 6,
2: 1, 3,
3: 2, 4,
4: 3, 5, 45,
5: 4, 6, 26,
6: 5, 7, 1, 98,
7: 6, 8, 89, 24,
8: 7, 9, 58, 15,
9: 8, 10, 84, 32, 75,
10: 9, 11, 23, 47,
11: 10, 12, 70,
12: 11, 13, 36, 29, 27,
13: 12, 14, 43, 88, 17,
14: 13, 15, 19, 28, 33,
15: 14, 16, 47, 8, 93, 19, 27, 34,
16: 15, 17, 57, 60,
17: 16, 18, 13, 56,
18: 17, 19, 30, 50,
19: 18, 20, 14, 15, 98,
20: 19, 21, 41, 66, 79, 95,
21: 20, 22, 74, 64,
22: 21, 23, 90, 76, 95,
23: 22, 24, 10, 39, 32,
24: 23, 25, 7,
25: 24, 26, 41, 47,
26: 25, 27, 5,
27: 26, 28, 12, 74, 15, 44, 62, 95,
28: 27, 29, 14,
29: 28, 30, 12,
30: 29, 31, 18,
31: 30, 32, 68, 78, 37,
32: 31, 33, 9, 23,
33: 32, 34, 14, 98,
34: 33, 35, 15, 47,
35: 34, 36, 38,
36: 35, 37, 12,
37: 36, 38, 0, 31, 52,
38: 37, 39, 35, 78, 51,
39: 38, 40, 23,
40: 39, 41, 86,
41: 40, 42, 20, 25,
42: 41, 43, 61, 64,
43: 42, 44, 13,
44: 43, 45, 27,
45: 44, 46, 4,
46: 45, 47, 54, 69, 82, 85,
47: 46, 48, 1, 15, 34, 10, 63, 25, 82, 94,
48: 47, 49, 92, 55,
49: 48, 50, 98, 63,
50: 49, 51, 18, 75,
51: 50, 52, 38, 0, 86, 95,
52: 51, 53, 37, 65,
53: 52, 54, 67, 78,
54: 53, 55, 46, 87, 82, 77, 94,
55: 54, 56, 48,
56: 55, 57, 17, 78,
57: 56, 58, 16, 99, 83, 60, 72,
58: 57, 59, 8,
59: 58, 60, 89, 73, 86, 85, 95,
60: 59, 61, 95, 57, 16,
61: 60, 62, 42,
62: 61, 63, 27,
63: 62, 64, 47, 49, 65,
64: 63, 65, 21, 42, 89,
65: 64, 66, 63, 52, 72,
66: 65, 67, 20,
67: 66, 68, 53,
68: 67, 69, 31,
69: 68, 70, 46,
70: 69, 71, 11,
71: 70, 72, 89, 79,
72: 71, 73, 80, 57, 96, 81, 65,
73: 72, 74, 59, 82, 75, 97,
74: 73, 75, 21, 27,
75: 74, 76, 73, 9, 50, 89, 91,
76: 75, 77, 22,
77: 76, 78, 86, 54, 82,
78: 77, 79, 31, 38, 56, 53, 82,
79: 78, 80, 20, 71,
80: 79, 81, 72,
81: 80, 82, 72,
82: 81, 83, 54, 73, 77, 46, 78, 47,
83: 82, 84, 57,
84: 83, 85, 9,
85: 84, 86, 59, 46,
86: 85, 87, 40, 59, 77, 51,
87: 86, 88, 54,
88: 87, 89, 13,
89: 88, 90, 7, 59, 64, 71, 97, 75,
90: 89, 91, 22,
91: 90, 92, 75,
92: 91, 93, 48,
93: 92, 94, 15,
94: 93, 95, 54, 47,
95: 94, 96, 60, 22, 27, 51, 20, 59,
96: 95, 97, 72,
97: 96, 98, 89, 73,
98: 97, 99, 6, 49, 33, 19,
99: 98, 57,
