100
0: 1, 57, 20, 6, 13,
1: 0, 2, 78, 52,
2: 1, 3, 63, 54, 45, 19,
3: 2, 4,
4: 3, 5, 7, 52,
5: 4, 6,
6: 5, 7, 17, 26, 55, 66, 31, 35, 0, 53, 41, 14, 0, 0, 65, 0, 6, 8, 4,
7: 6, 8, 4,
8: 7, 9, 74, 69,
9: 8, 10, 67, 97, 34,
10: 9, 11, 12, 59, 51, 72,
11: 10, 12,
12: 11, 13, 10,
13: 12, 14, 0, 34,
14: 13, 15, 6, 76, 41, 89,
15: 14, 16, 54, 94,
16: 15, 17, 62, 27,
17: 16, 18, 6,
18: 17, 19, 82, 68, 41, 89,
19: 18, 20, 56, 22, 80, 2, 73,
20: 19, 21, 0, 97, 98,
21: 20, 22, 75, 72,
22: 21, 23, 19,
23: 22, 24, 44, 26,
24: 23, 25, 37, 89, 84,
25: 24, 26, 36, 65,
26: 25, 27, 6, 23,
27: 26, 28, 95, 16, 81,
28: 27, 29, 73,
29: 28, 30, 79, 60, 51, 93,
30: 29, 31, 91, 89,
31: 30, 32, 6,
32: 31, 33, 41, 87, 67, 84,
33: 32, 34, 87,
34: 33, 35, 13, 9, 51,
35: 34, 36, 6, 54,
36: 35, 37, 25, 57, 53, 48,
37: 36, 38, 24,
38: 37, 39, 97, 64,
39: 38, 40, 88, 86,
40: 39, 41, 61, 71,
41: 40, 42, 6, 32, 47, 14, 78, 46, 18, 77, 50, 49, 0, 0, 65, 0, 41, 43, 58, 64, 88, 94, 99,
42: 41, 43, 58, 64, 88, 94, 99,
43: 42, 44, 54, 48,
44: 43, 45, 23,
45: 44, 46, 2, 96,
46: 45, 47, 41,
47: 46, 48, 41, 51, 86,
48: 47, 49, 36, 43,
49: 48, 50, 41, 83,
50: 49, 51, 41, 56, 70,
51: 50, 52, 47, 29, 34, 10,
52: 51, 53, 4, 1, 91,
53: 52, 54, 6, 36,
54: 53, 55, 2, 15, 35, 43,
55: 54, 56, 6,
56: 55, 57, 19, 50,
57: 56, 58, 0, 36,
58: 57, 59, 42, 99, 94,
59: 58, 60, 10,
60: 59, 61, 29,
61: 60, 62, 40,
62: 61, 63, 16,
63: 62, 64, 2,
64: 63, 65, 42, 38,
65: 64, 66, 25,
66: 65, 67, 6,
67: 66, 68, 9, 32,
68: 67, 69, 18, 72, 92, 90, 99,
69: 68, 70, 8,
70: 69, 71, 50,
71: 70, 72, 40,
72: 71, 73, 68, 10, 21, 88, 86,
73: 72, 74, 28, 19, 81,
74: 73, 75, 8,
75: 74, 76, 21,
76: 75, 77, 14,
77: 76, 78, 41,
78: 77, 79, 1, 41,
79: 78, 80, 29,
80: 79, 81, 19, 99, 85,
81: 80, 82, 73, 27,
82: 81, 83, 18,
83: 82, 84, 49, 94,
84: 83, 85, 24, 32, 98,
85: 84, 86, 94, 80,
86: 85, 87, 72, 39, 47,
87: 86, 88, 32, 33,
88: 87, 89, 39, 72, 41,
89: 88, 90, 24, 14, 18, 30,
90: 89, 91, 68, 99,
91: 90, 92, 30, 52,
92: 91, 93, 68,
93: 92, 94, 29, 99,
94: 93, 95, 85, 99, 41, 15, 58, 83,
95: 94, 96, 27,
96: 95, 97, 45,
97: 96, 98, 9, 20, 38,
98: 97, 99, 84, 20,
99: 98, 58, 80, 90, 94, 68, 93, 41,
