100
0: 1, 33, 58, 20, 25,
1: 0, 2, 85, 32, 17, 25,
2: 1, 3, 27, 25,
3: 2, 4,
4: 3, 5,
5: 4, 6, 84,
6: 5, 7, 53, 99, 29, 13, 65, 91, 89,
7: 6, 8, 80,
8: 7, 9, 34, 91, 15,
9: 8, 10,
10: 9, 11, 43, 51, 69,
11: 10, 12, 73, 93,
12: 11, 13, 98, 29, 19, 57, 45, 17,
13: 12, 14, 6,
14: 13, 15, 61, 87, 23, 34,
15: 14, 16, 40, 8, 56, 28,
16: 15, 17, 82,
17: 16, 18, 32, 46, 1, 94, 12, 84, 66, 90, 86,
18: 17, 19, 75, 67, 40, 21, 30, 63,
19: 18, 20, 12, 42,
20: 19, 21, 0, 92, 38, 70, 71, 35, 63, 75, 81,
21: 20, 22, 18, 71, 31,
22: 21, 23, 41, 83, 25, 37,
23: 22, 24, 14,
24: 23, 25, 76, 83, 50, 87,
25: 24, 26, 2, 0, 50, 46, 1, 22,
26: 25, 27, 68, 30, 47, 86, 99,
27: 26, 28, 2, 69,
28: 27, 29, 15, 34,
29: 28, 30, 6, 12, 61, 74,
30: 29, 31, 26, 18,
31: 30, 32, 49, 21, 44,
32: 31, 33, 1, 17,
33: 32, 34, 0,
34: 33, 35, 8, 14, 28, 44, 52,
35: 34, 36, 20, 60,
36: 35, 37, 45, 95, 42, 69, 77,
37: 36, 38, 22, 48,
38: 37, 39, 20, 86, 68,
39: 38, 40, 41, 85, 68, 70, 81, 83,
40: 39, 41, 15, 18,
41: 40, 42, 22, 39,
42: 41, 43, 19, 36,
43: 42, 44, 10,
44: 43, 45, 31, 34,
45: 44, 46, 12, 36,
46: 45, 47, 17, 25,
47: 46, 48, 26,
48: 47, 49, 37,
49: 48, 50, 31, 93,
50: 49, 51, 25, 24, 57,
51: 50, 52, 10,
52: 51, 53, 34,
53: 52, 54, 6,
54: 53, 55, 60, 69,
55: 54, 56, 69,
56: 55, 57, 15,
57: 56, 58, 12, 50,
58: 57, 59, 0,
59: 58, 60, 79,
60: 59, 61, 54, 64, 35,
61: 60, 62, 14, 29,
62: 61, 63, 83,
63: 62, 64, 97, 20, 18, 96,
64: 63, 65, 60,
65: 64, 66, 6,
66: 65, 67, 17,
67: 66, 68, 18,
68: 67, 69, 26, 39, 96, 88, 38, 72,
69: 68, 70, 27, 55, 36, 10, 54,
70: 69, 71, 20, 39,
71: 70, 72, 20, 21,
72: 71, 73, 68,
73: 72, 74, 11,
74: 73, 75, 84, 29, 83, 87,
75: 74, 76, 18, 20, 77,
76: 75, 77, 24,
77: 76, 78, 75, 36, 93, 86, 88,
78: 77, 79, 80, 83,
79: 78, 80, 59,
80: 79, 81, 7, 78,
81: 80, 82, 39, 87, 86, 20,
82: 81, 83, 16,
83: 82, 84, 22, 24, 62, 39, 78, 74,
84: 83, 85, 5, 17, 74,
85: 84, 86, 1, 39,
86: 85, 87, 17, 38, 81, 26, 77,
87: 86, 88, 14, 81, 24, 74,
88: 87, 89, 68, 77,
89: 88, 90, 6,
90: 89, 91, 17,
91: 90, 92, 6, 8,
92: 91, 93, 20,
93: 92, 94, 11, 49, 77,
94: 93, 95, 17,
95: 94, 96, 36,
96: 95, 97, 63, 68,
97: 96, 98, 63,
98: 97, 99, 12,
99: 98, 6, 26,
