100
0: 1, 88, 16, 13, 55, 56, 65,
1: 0, 2, 40, 47, 92, 18, 68, 72, 77,
2: 1, 3, 74, 76, 90,
3: 2, 4, 96, 36,
4: 3, 5,
5: 4, 6,
6: 5, 7,
7: 6, 8, 94, 24, 31, 34, 60,
8: 7, 9, 37, 91, 25,
9: 8, 10, 92, 27, 58, 68,
10: 9, 11, 91,
11: 10, 12, 39,
12: 11, 13, 82, 63, 29, 30, 34, 66,
13: 12, 14, 0, 93, 86, 97, 42, 43, 35, 22, 82, 66, 0, 0, 65, 0, 13, 15, 17, 68, 87,
14: 13, 15, 17, 68, 87,
15: 14, 16, 75, 48, 29, 41, 46, 72,
16: 15, 17, 0,
17: 16, 18, 14,
18: 17, 19, 1,
19: 18, 20, 48,
20: 19, 21, 54, 71, 29, 53, 57, 74,
21: 20, 22, 73, 42, 66, 37, 74,
22: 21, 23, 13,
23: 22, 24, 35, 55,
24: 23, 25, 7, 88, 36,
25: 24, 26, 8, 89,
26: 25, 27, 30, 65,
27: 26, 28, 9,
28: 27, 29, 74, 30, 57, 68,
29: 28, 30, 12, 15, 20, 52,
30: 29, 31, 26, 28, 72, 12, 65,
31: 30, 32, 7,
32: 31, 33, 84, 70, 95, 36, 63,
33: 32, 34, 89, 47,
34: 33, 35, 7, 12, 80, 42, 78, 50, 76, 38, 56,
35: 34, 36, 13, 23, 67, 73,
36: 35, 37, 3, 32, 24, 61, 72,
37: 36, 38, 8, 21, 74,
38: 37, 39, 34, 63, 53,
39: 38, 40, 11,
40: 39, 41, 1,
41: 40, 42, 15,
42: 41, 43, 13, 21, 34, 85, 86, 44,
43: 42, 44, 13,
44: 43, 45, 42, 74, 62,
45: 44, 46, 72, 58,
46: 45, 47, 15,
47: 46, 48, 1, 33,
48: 47, 49, 15, 19, 56, 79,
49: 48, 50, 73, 66,
50: 49, 51, 34, 81, 54, 71, 73,
51: 50, 52, 59, 73,
52: 51, 53, 29,
53: 52, 54, 38, 67, 20, 57, 99,
54: 53, 55, 20, 50,
55: 54, 56, 0, 23,
56: 55, 57, 48, 81, 80, 34, 83, 0, 79,
57: 56, 58, 53, 20, 28, 98,
58: 57, 59, 69, 9, 45, 67,
59: 58, 60, 51,
60: 59, 61, 7,
61: 60, 62, 36, 64,
62: 61, 63, 44, 79,
63: 62, 64, 12, 38, 32, 80,
64: 63, 65, 73, 72, 61,
65: 64, 66, 30, 83, 26, 0, 80,
66: 65, 67, 21, 13, 12, 49, 74,
67: 66, 68, 35, 53, 58, 78,
68: 67, 69, 28, 13, 1, 9,
69: 68, 70, 58,
70: 69, 71, 32,
71: 70, 72, 20, 50,
72: 71, 73, 30, 45, 64, 15, 1, 36,
73: 72, 74, 21, 49, 64, 51, 50, 35, 80, 99,
74: 73, 75, 2, 28, 44, 21, 66, 37, 20, 95,
75: 74, 76, 15,
76: 75, 77, 2, 34,
77: 76, 78, 1, 79,
78: 77, 79, 34, 67,
79: 78, 80, 48, 77, 62, 56,
80: 79, 81, 34, 56, 63, 65, 73,
81: 80, 82, 50, 56,
82: 81, 83, 12, 13,
83: 82, 84, 56, 65,
84: 83, 85, 32,
85: 84, 86, 42,
86: 85, 87, 13, 42,
87: 86, 88, 13, 95,
88: 87, 89, 0, 24,
89: 88, 90, 33, 25,
90: 89, 91, 2,
91: 90, 92, 8, 10,
92: 91, 93, 1, 9,
93: 92, 94, 13,
94: 93, 95, 7,
95: 94, 96, 32, 87, 74,
96: 95, 97, 3,
97: 96, 98, 13,
98: 97, 99, 57,
99: 98, 73, 53,
