100
0: 1, 40, 47, 18, 41,
1: 0, 2, 52, 10,
2: 1, 3, 74, 82, 34, 53, 67, 25, 10, 33,
3: 2, 4,
4: 3, 5, 12, 31, 10,
5: 4, 6,
6: 5, 7, 36, 73, 22, 38,
7: 6, 8, 55, 54, 81, 79, 80,
8: 7, 9,
9: 8, 10, 60, 75, 15, 20,
10: 9, 11, 4, 1, 29, 59, 17, 2, 41,
11: 10, 12, 94,
12: 11, 13, 4,
13: 12, 14, 70, 71, 58,
14: 13, 15, 61, 19,
15: 14, 16, 92, 39, 9, 61,
16: 15, 17, 71,
17: 16, 18, 10,
18: 17, 19, 0, 28,
19: 18, 20, 14, 84,
20: 19, 21, 9,
21: 20, 22, 30, 82,
22: 21, 23, 39, 6, 46,
23: 22, 24, 53, 85, 30, 94,
24: 23, 25, 89, 35, 32, 63, 79, 83,
25: 24, 26, 2,
26: 25, 27, 98, 70, 48, 80,
27: 26, 28, 91, 58,
28: 27, 29, 63, 18,
29: 28, 30, 10,
30: 29, 31, 21, 23, 78,
31: 30, 32, 4, 84, 79,
32: 31, 33, 24, 50,
33: 32, 34, 2, 79, 46, 96,
34: 33, 35, 2,
35: 34, 36, 24, 93, 80,
36: 35, 37, 6,
37: 36, 38, 79,
38: 37, 39, 72, 6, 90,
39: 38, 40, 15, 22,
40: 39, 41, 0,
41: 40, 42, 76, 0, 56, 10, 84,
42: 41, 43, 84, 88,
43: 42, 44, 49, 46,
44: 43, 45, 51, 46,
45: 44, 46, 48, 66,
46: 45, 47, 22, 75, 43, 88, 65, 33, 44, 79,
47: 46, 48, 0,
48: 47, 49, 45, 26, 80,
49: 48, 50, 43,
50: 49, 51, 32,
51: 50, 52, 44,
52: 51, 53, 1,
53: 52, 54, 2, 23,
54: 53, 55, 7,
55: 54, 56, 7,
56: 55, 57, 41, 77, 68,
57: 56, 58, 64, 87,
58: 57, 59, 13, 27,
59: 58, 60, 10,
60: 59, 61, 9, 69, 62,
61: 60, 62, 14, 83, 15,
62: 61, 63, 60, 79,
63: 62, 64, 28, 24, 88,
64: 63, 65, 57,
65: 64, 66, 46, 86, 82,
66: 65, 67, 45,
67: 66, 68, 2,
68: 67, 69, 56, 73,
69: 68, 70, 60,
70: 69, 71, 13, 26,
71: 70, 72, 13, 16,
72: 71, 73, 38,
73: 72, 74, 6, 68, 95,
74: 73, 75, 2,
75: 74, 76, 9, 46,
76: 75, 77, 41,
77: 76, 78, 56,
78: 77, 79, 30,
79: 78, 80, 33, 37, 62, 31, 24, 97, 7, 46,
80: 79, 81, 48, 26, 7, 35,
81: 80, 82, 7,
82: 81, 83, 2, 65, 21, 87,
83: 82, 84, 61, 24,
84: 83, 85, 31, 42, 41, 19,
85: 84, 86, 23,
86: 85, 87, 65,
87: 86, 88, 82, 57,
88: 87, 89, 42, 46, 63,
89: 88, 90, 24,
90: 89, 91, 38, 99,
91: 90, 92, 27,
92: 91, 93, 15,
93: 92, 94, 35,
94: 93, 95, 11, 23,
95: 94, 96, 73,
96: 95, 97, 33,
97: 96, 98, 79,
98: 97, 99, 26,
99: 98, 90,
