100
0: 1, 58, 85, 6, 13,
1: 0, 2, 34, 11,
2: 1, 3, 16, 43,
3: 2, 4,
4: 3, 5, 68,
5: 4, 6, 38,
6: 5, 7, 64, 0, 24, 39, 77,
7: 6, 8,
8: 7, 9, 39, 63, 17, 21, 70,
9: 8, 10, 52,
10: 9, 11, 25, 48,
11: 10, 12, 56, 1, 21, 57,
12: 11, 13, 92,
13: 12, 14, 71, 15, 75, 42, 47, 44, 0, 33,
14: 13, 15, 67, 79, 46, 21, 61,
15: 14, 16, 13, 99,
16: 15, 17, 2,
17: 16, 18, 8, 29, 53,
18: 17, 19, 25, 89,
19: 18, 20, 43, 21,
20: 19, 21, 74, 57,
21: 20, 22, 8, 11, 19, 14, 82, 23, 55, 98,
22: 21, 23, 88, 98,
23: 22, 24, 35, 21,
24: 23, 25, 6, 99, 76,
25: 24, 26, 10, 18,
26: 25, 27, 45, 44,
27: 26, 28, 90, 36,
28: 27, 29, 67,
29: 28, 30, 17, 65,
30: 29, 31, 91, 33, 49, 53, 87,
31: 30, 32, 64, 95, 47, 41, 72,
32: 31, 33, 44, 57,
33: 32, 34, 30, 13, 81,
34: 33, 35, 1,
35: 34, 36, 23,
36: 35, 37, 27, 48, 58, 66,
37: 36, 38, 51, 96, 65, 93,
38: 37, 39, 5,
39: 38, 40, 6, 8,
40: 39, 41, 90, 95, 89, 65,
41: 40, 42, 90, 31, 69, 87,
42: 41, 43, 13, 48, 54,
43: 42, 44, 19, 2,
44: 43, 45, 13, 26, 32, 56, 78,
45: 44, 46, 26,
46: 45, 47, 14, 92, 76,
47: 46, 48, 13, 31,
48: 47, 49, 36, 42, 10, 59,
49: 48, 50, 30,
50: 49, 51, 86,
51: 50, 52, 37,
52: 51, 53, 9, 87, 62,
53: 52, 54, 17, 30,
54: 53, 55, 42, 61,
55: 54, 56, 21, 71,
56: 55, 57, 11, 44,
57: 56, 58, 32, 83, 11, 20,
58: 57, 59, 0, 36,
59: 58, 60, 48,
60: 59, 61, 66, 75,
61: 60, 62, 14, 82, 54, 98,
62: 61, 63, 52, 98,
63: 62, 64, 8,
64: 63, 65, 6, 31,
65: 64, 66, 29, 40, 37, 83,
66: 65, 67, 60, 36, 71,
67: 66, 68, 14, 28,
68: 67, 69, 4,
69: 68, 70, 41,
70: 69, 71, 89, 8, 73, 81,
71: 70, 72, 13, 80, 66, 55, 92, 81, 86,
72: 71, 73, 31,
73: 72, 74, 70,
74: 73, 75, 20,
75: 74, 76, 13, 60,
76: 75, 77, 24, 46, 80,
77: 76, 78, 6,
78: 77, 79, 44,
79: 78, 80, 14,
80: 79, 81, 71, 76,
81: 80, 82, 71, 83, 70, 33, 84,
82: 81, 83, 21, 61,
83: 82, 84, 57, 81, 65,
84: 83, 85, 81,
85: 84, 86, 0,
86: 85, 87, 50, 71,
87: 86, 88, 52, 30, 41,
88: 87, 89, 22,
89: 88, 90, 18, 40, 70,
90: 89, 91, 27, 40, 41,
91: 90, 92, 30,
92: 91, 93, 12, 46, 71,
93: 92, 94, 37,
94: 93, 95, 97,
95: 94, 96, 31, 40,
96: 95, 97, 37,
97: 96, 98, 94,
98: 97, 99, 61, 21, 22, 62,
99: 98, 15, 24,
