100
0: 1, 59, 76,
1: 0, 2, 86, 46,
2: 1, 3,
3: 2, 4,
4: 3, 5, 19, 97,
5: 4, 6, 72, 44, 11,
6: 5, 7, 91, 48, 94, 11,
7: 6, 8, 27, 13, 65,
8: 7, 9, 94, 15, 83,
9: 8, 10, 56, 37,
10: 9, 11, 43, 50,
11: 10, 12, 5, 6, 77, 17, 18, 26,
12: 11, 13, 25,
13: 12, 14, 7,
14: 13, 15, 29, 28, 69, 78,
15: 14, 16, 8,
16: 15, 17, 84, 54, 30, 71,
17: 16, 18, 11,
18: 17, 19, 57, 11, 56, 83,
19: 18, 20, 4, 42, 66,
20: 19, 21, 81, 34,
21: 20, 22, 99, 39,
22: 21, 23, 35, 84, 70,
23: 22, 24, 41, 67, 32, 71,
24: 23, 25, 53, 77, 83,
25: 24, 26, 12,
26: 25, 27, 11, 38, 36, 41,
27: 26, 28, 7,
28: 27, 29, 14, 84, 69,
29: 28, 30, 14,
30: 29, 31, 79, 16,
31: 30, 32, 62, 51, 97,
32: 31, 33, 89, 23, 51, 55,
33: 32, 34, 49, 68,
34: 33, 35, 20, 36,
35: 34, 36, 22, 88, 61,
36: 35, 37, 34, 26, 71, 80,
37: 36, 38, 60, 9, 75, 87,
38: 37, 39, 26,
39: 38, 40, 21, 45,
40: 39, 41, 49,
41: 40, 42, 23, 66, 26, 95,
42: 41, 43, 19, 79, 76,
43: 42, 44, 10,
44: 43, 45, 5,
45: 44, 46, 39, 47, 93,
46: 45, 47, 1, 59,
47: 46, 48, 45,
48: 47, 49, 6,
49: 48, 50, 33, 40,
50: 49, 51, 10, 87,
51: 50, 52, 31, 90, 97, 74, 68, 70, 62, 32, 53, 78, 0, 0, 65, 0, 49, 51, 10, 87,
52: 51, 53, 90, 85, 69,
53: 52, 54, 24, 51, 87,
54: 53, 55, 16, 84, 83,
55: 54, 56, 59, 32,
56: 55, 57, 9, 18, 75,
57: 56, 58, 18,
58: 57, 59, 92, 88, 63, 61,
59: 58, 60, 0, 55, 76, 46, 62, 83, 93,
60: 59, 61, 37,
61: 60, 62, 35, 58, 82,
62: 61, 63, 31, 51, 59,
63: 62, 64, 58,
64: 63, 65, 96,
65: 64, 66, 7,
66: 65, 67, 41, 19,
67: 66, 68, 23,
68: 67, 69, 33, 51,
69: 68, 70, 52, 28, 14,
70: 69, 71, 51, 22, 83,
71: 70, 72, 36, 16, 23,
72: 71, 73, 5,
73: 72, 74, 88, 83,
74: 73, 75, 51,
75: 74, 76, 37, 56, 83, 97,
76: 75, 77, 59, 0, 42,
77: 76, 78, 11, 24,
78: 77, 79, 14, 51,
79: 78, 80, 30, 42,
80: 79, 81, 36, 84,
81: 80, 82, 20,
82: 81, 83, 61,
83: 82, 84, 75, 24, 54, 70, 73, 18, 8, 59,
84: 83, 85, 16, 22, 28, 54, 80,
85: 84, 86, 52,
86: 85, 87, 1,
87: 86, 88, 53, 51, 98, 37,
88: 87, 89, 35, 58, 73,
89: 88, 90, 32,
90: 89, 91, 51, 52,
91: 90, 92, 6,
92: 91, 93, 58,
93: 92, 94, 59, 45,
94: 93, 95, 6, 8,
95: 94, 96, 41,
96: 95, 97, 64,
97: 96, 98, 4, 51, 75, 31,
98: 97, 99, 87,
99: 98, 21,
