100
0: 1, 94, 18,
1: 0, 2, 72, 26, 20, 47,
2: 1, 3,
3: 2, 4, 99, 89,
4: 3, 5,
5: 4, 6, 8, 43, 11,
6: 5, 7, 70, 9,
7: 6, 8, 58, 17,
8: 7, 9, 5, 96,
9: 8, 10, 79, 6, 83,
10: 9, 11, 94, 57, 32, 33, 83, 85,
11: 10, 12, 5,
12: 11, 13, 55, 51,
13: 12, 14, 64, 19,
14: 13, 15, 70, 93, 19, 21,
15: 14, 16, 85, 34,
16: 15, 17, 51, 28,
17: 16, 18, 7, 89, 41, 53, 45,
18: 17, 19, 0, 38,
19: 18, 20, 14, 13, 44, 35, 27, 42,
20: 19, 21, 93, 1, 99, 62, 76, 29,
21: 20, 22, 14, 45, 71, 48, 95,
22: 21, 23, 72, 53, 36, 86,
23: 22, 24, 37, 84, 86,
24: 23, 25, 31, 84,
25: 24, 26, 92, 60, 75, 77,
26: 25, 27, 1,
27: 26, 28, 19,
28: 27, 29, 16, 86,
29: 28, 30, 20,
30: 29, 31, 39, 32,
31: 30, 32, 24,
32: 31, 33, 10, 30, 41,
33: 32, 34, 44, 10,
34: 33, 35, 15, 68, 65, 51, 61, 64,
35: 34, 36, 19,
36: 35, 37, 22, 38,
37: 36, 38, 23, 88, 80, 68, 82,
38: 37, 39, 36, 74, 90, 18, 49,
39: 38, 40, 30,
40: 39, 41, 54,
41: 40, 42, 17, 95, 45, 81, 84, 86, 50, 32, 61,
42: 41, 43, 19, 63,
43: 42, 44, 5, 73, 75,
44: 43, 45, 19, 33,
45: 44, 46, 17, 21, 41,
46: 45, 47, 67, 72, 80, 84,
47: 46, 48, 78, 63, 98, 60, 1, 52, 56, 77,
48: 47, 49, 59, 21, 51, 84,
49: 48, 50, 38, 69, 94,
50: 49, 51, 41, 57, 86,
51: 50, 52, 16, 12, 34, 48,
52: 51, 53, 47, 65, 83,
53: 52, 54, 17, 22,
54: 53, 55, 40, 94,
55: 54, 56, 12,
56: 55, 57, 47, 69,
57: 56, 58, 10, 50,
58: 57, 59, 7,
59: 58, 60, 48,
60: 59, 61, 25, 47,
61: 60, 62, 41, 34, 84, 83, 86,
62: 61, 63, 20,
63: 62, 64, 42, 47,
64: 63, 65, 13, 34, 86,
65: 64, 66, 34, 52,
66: 65, 67, 69,
67: 66, 68, 46,
68: 67, 69, 34, 37, 87, 86, 94,
69: 68, 70, 49, 66, 56,
70: 69, 71, 6, 14,
71: 70, 72, 21,
72: 71, 73, 1, 22, 46,
73: 72, 74, 43,
74: 73, 75, 38,
75: 74, 76, 43, 25, 80, 82,
76: 75, 77, 20,
77: 76, 78, 83, 25, 47, 94,
78: 77, 79, 47,
79: 78, 80, 9,
80: 79, 81, 37, 75, 46,
81: 80, 82, 41,
82: 81, 83, 75, 94, 37,
83: 82, 84, 77, 97, 61, 9, 91, 52, 10,
84: 83, 85, 23, 41, 61, 24, 48, 95, 46,
85: 84, 86, 15, 10, 91,
86: 85, 87, 41, 68, 22, 23, 61, 50, 28, 94, 64,
87: 86, 88, 68,
88: 87, 89, 37,
89: 88, 90, 3, 17,
90: 89, 91, 38,
91: 90, 92, 83, 85,
92: 91, 93, 25,
93: 92, 94, 14, 20,
94: 93, 95, 0, 10, 54, 77, 82, 86, 49, 68,
95: 94, 96, 41, 84, 21,
96: 95, 97, 8,
97: 96, 98, 83,
98: 97, 99, 47,
99: 98, 3, 20,
