100
0: 1, 16,
1: 0, 2, 28, 80, 13, 60, 64, 65,
2: 1, 3,
3: 2, 4, 31,
4: 3, 5, 19,
5: 4, 6,
6: 5, 7, 67,
7: 6, 8, 51, 38, 12,
8: 7, 9, 93, 36,
9: 8, 10, 45, 76, 78, 14,
10: 9, 11, 87, 15, 18, 82, 59,
11: 10, 12, 27, 40,
12: 11, 13, 97, 59, 7, 39, 44, 48, 65,
13: 12, 14, 1, 71, 97, 47, 52,
14: 13, 15, 9, 17,
15: 14, 16, 10,
16: 15, 17, 0,
17: 16, 18, 14, 53,
18: 17, 19, 10,
19: 18, 20, 4, 95, 36,
20: 19, 21, 63,
21: 20, 22, 68, 52,
22: 21, 23, 50, 30, 36,
23: 22, 24, 37, 36,
24: 23, 25, 64,
25: 24, 26, 44, 46,
26: 25, 27, 63, 35,
27: 26, 28, 11,
28: 27, 29, 1,
29: 28, 30, 43, 98, 60,
30: 29, 31, 22,
31: 30, 32, 3,
32: 31, 33, 82, 49,
33: 32, 34, 65, 69, 74,
34: 33, 35, 44, 55, 46, 51,
35: 34, 36, 26, 84, 77, 44, 40,
36: 35, 37, 8, 23, 22, 19, 91, 60,
37: 36, 38, 23, 75, 88,
38: 37, 39, 7,
39: 38, 40, 12,
40: 39, 41, 59, 11, 61, 35, 55,
41: 40, 42, 81, 50, 65, 88,
42: 41, 43, 94, 57, 47, 52,
43: 42, 44, 29, 64, 75,
44: 43, 45, 12, 25, 34, 35,
45: 44, 46, 9,
46: 45, 47, 25, 34,
47: 46, 48, 72, 13, 42,
48: 47, 49, 94, 54, 12, 89, 52, 65, 83,
49: 48, 50, 32, 79, 52,
50: 49, 51, 22, 41,
51: 50, 52, 7, 34, 66,
52: 51, 53, 49, 42, 73, 92, 13, 21, 48, 62,
53: 52, 54, 17, 87,
54: 53, 55, 48,
55: 54, 56, 34, 40, 99,
56: 55, 57, 85, 65,
57: 56, 58, 42,
58: 57, 59, 96,
59: 58, 60, 12, 40, 10, 86, 73, 91,
60: 59, 61, 70, 29, 90, 91, 36, 1,
61: 60, 62, 40,
62: 61, 63, 52,
63: 62, 64, 20, 26,
64: 63, 65, 24, 43, 1, 74,
65: 64, 66, 33, 92, 48, 82, 1, 87, 41, 56, 12, 75, 0, 0, 65, 0, 65, 67, 51, 76, 77,
66: 65, 67, 51, 76, 77,
67: 66, 68, 6,
68: 67, 69, 21,
69: 68, 70, 33,
70: 69, 71, 60,
71: 70, 72, 13,
72: 71, 73, 47,
73: 72, 74, 52, 59,
74: 73, 75, 33, 64, 78,
75: 74, 76, 37, 90, 43, 65,
76: 75, 77, 9, 65, 87,
77: 76, 78, 35, 65, 88,
78: 77, 79, 9, 74, 93,
79: 78, 80, 49,
80: 79, 81, 1,
81: 80, 82, 41,
82: 81, 83, 10, 32, 65,
83: 82, 84, 48,
84: 83, 85, 35,
85: 84, 86, 56, 93,
86: 85, 87, 59,
87: 86, 88, 10, 65, 76, 53,
88: 87, 89, 77, 41, 37,
89: 88, 90, 48,
90: 89, 91, 60, 75,
91: 90, 92, 36, 60, 59,
92: 91, 93, 52, 65,
93: 92, 94, 8, 78, 85,
94: 93, 95, 42, 48,
95: 94, 96, 19,
96: 95, 97, 58,
97: 96, 98, 12, 13,
98: 97, 99, 29,
99: 98, 55,
