100
0: 1, 70, 76, 9, 65, 18, 86, 20, 17, 74,
1: 0, 2, 75, 74,
2: 1, 3, 96, 4,
3: 2, 4,
4: 3, 5, 2, 49, 57, 66,
5: 4, 6, 84,
6: 5, 7,
7: 6, 8, 98, 55,
8: 7, 9,
9: 8, 10, 0,
10: 9, 11, 31, 12,
11: 10, 12, 30,
12: 11, 13, 63, 10, 49, 80,
13: 12, 14, 31, 58, 22, 43,
14: 13, 15, 98, 95, 25, 50,
15: 14, 16, 24, 44, 60, 74,
16: 15, 17, 87, 40,
17: 16, 18, 30, 0, 68,
18: 17, 19, 0, 96, 21, 31, 82,
19: 18, 20, 72, 77,
20: 19, 21, 0,
21: 20, 22, 18, 29, 68,
22: 21, 23, 88, 13,
23: 22, 24, 93, 52,
24: 23, 25, 15, 48, 44,
25: 24, 26, 14, 37,
26: 25, 27, 91, 42, 29, 59, 89, 94,
27: 26, 28, 79, 52,
28: 27, 29, 39, 56,
29: 28, 30, 21, 26, 33, 81, 53, 38, 40, 44,
30: 29, 31, 11, 17,
31: 30, 32, 10, 13, 18,
32: 31, 33, 99, 61, 88, 93, 80,
33: 32, 34, 29,
34: 33, 35, 71, 46,
35: 34, 36, 42, 64, 38, 51,
36: 35, 37, 79,
37: 36, 38, 25, 50,
38: 37, 39, 71, 29, 35, 40,
39: 38, 40, 28,
40: 39, 41, 47, 57, 94, 38, 73, 46, 16, 29,
41: 40, 42, 62, 43,
42: 41, 43, 26, 35,
43: 42, 44, 41, 98, 13,
44: 43, 45, 15, 24, 29, 56, 59,
45: 44, 46, 90, 92,
46: 45, 47, 40, 34, 59,
47: 46, 48, 40,
48: 47, 49, 24,
49: 48, 50, 4, 12,
50: 49, 51, 54, 80, 67, 92, 37, 14, 62,
51: 50, 52, 35, 56,
52: 51, 53, 65, 97, 27, 23,
53: 52, 54, 29,
54: 53, 55, 50,
55: 54, 56, 7, 97, 57,
56: 55, 57, 28, 51, 44,
57: 56, 58, 4, 40, 55, 83,
58: 57, 59, 13, 64,
59: 58, 60, 44, 46, 26, 68, 74,
60: 59, 61, 15,
61: 60, 62, 32, 81,
62: 61, 63, 41, 50,
63: 62, 64, 12,
64: 63, 65, 35, 58, 85, 99,
65: 64, 66, 0, 52, 69, 86,
66: 65, 67, 4,
67: 66, 68, 50, 81, 82,
68: 67, 69, 17, 72, 59, 82, 21,
69: 68, 70, 65, 78, 72,
70: 69, 71, 0,
71: 70, 72, 34, 38,
72: 71, 73, 19, 68, 69,
73: 72, 74, 40,
74: 73, 75, 1, 0, 15, 83, 59,
75: 74, 76, 1,
76: 75, 77, 0,
77: 76, 78, 19,
78: 77, 79, 69,
79: 78, 80, 27, 36,
80: 79, 81, 50, 32, 12,
81: 80, 82, 29, 61, 67,
82: 81, 83, 68, 67, 18,
83: 82, 84, 74, 57,
84: 83, 85, 5,
85: 84, 86, 64,
86: 85, 87, 0, 65,
87: 86, 88, 16,
88: 87, 89, 22, 32,
89: 88, 90, 26, 94,
90: 89, 91, 45,
91: 90, 92, 26,
92: 91, 93, 45, 50,
93: 92, 94, 23, 32,
94: 93, 95, 40, 89, 26,
95: 94, 96, 14,
96: 95, 97, 2, 18,
97: 96, 98, 52, 55,
98: 97, 99, 7, 14, 43,
99: 98, 32, 64,
