100
0: 1, 27,
1: 0, 2, 51, 10, 80, 15, 53, 98,
2: 1, 3,
3: 2, 4, 34,
4: 3, 5, 52,
5: 4, 6,
6: 5, 7, 54,
7: 6, 8, 54,
8: 7, 9, 63, 22,
9: 8, 10, 18, 13,
10: 9, 11, 1, 33, 15, 12, 20,
11: 10, 12, 62, 84,
12: 11, 13, 74, 10, 31, 83,
13: 12, 14, 79, 9, 41, 53,
14: 13, 15, 46, 17, 38, 71,
15: 14, 16, 10, 1, 26,
16: 15, 17, 81, 38,
17: 16, 18, 14,
18: 17, 19, 9,
19: 18, 20, 21, 29, 44, 71,
20: 19, 21, 96, 10, 53,
21: 20, 22, 19, 23, 48,
22: 21, 23, 8, 45, 29,
23: 22, 24, 21,
24: 23, 25, 41, 89, 38, 53,
25: 24, 26, 43, 27, 74, 38, 96,
26: 25, 27, 15, 57, 28, 50,
27: 26, 28, 0, 25, 37,
28: 27, 29, 36, 64, 68, 26, 40, 72, 49, 73, 56, 65, 0, 0, 65, 0, 28, 30, 19, 22, 32, 44, 55, 71, 85, 94,
29: 28, 30, 19, 22, 32, 44, 55, 71, 85, 94,
30: 29, 31, 38, 75, 52, 47, 60, 71,
31: 30, 32, 12,
32: 31, 33, 29, 42, 96,
33: 32, 34, 10, 57, 47,
34: 33, 35, 3,
35: 34, 36, 58, 46, 47, 85,
36: 35, 37, 28,
37: 36, 38, 27, 55, 50,
38: 37, 39, 30, 25, 95, 90, 77, 91, 24, 92, 14, 16, 0, 0, 65, 0, 38, 40, 86, 99, 84,
39: 38, 40, 86, 99, 84,
40: 39, 41, 28,
41: 40, 42, 24, 13, 90, 76, 88, 44, 67, 85,
42: 41, 43, 32,
43: 42, 44, 25,
44: 43, 45, 19, 28, 41, 50,
45: 44, 46, 22,
46: 45, 47, 14, 35,
47: 46, 48, 33, 35, 30, 70, 93, 63, 50, 85,
48: 47, 49, 21, 60,
49: 48, 50, 28,
50: 49, 51, 71, 26, 88, 78, 44, 37, 47, 83, 85,
51: 50, 52, 1,
52: 51, 53, 4, 30,
53: 52, 54, 94, 24, 76, 1, 20, 66, 13,
54: 53, 55, 6, 7,
55: 54, 56, 37, 28,
56: 55, 57, 28,
57: 56, 58, 26, 33,
58: 57, 59, 35,
59: 58, 60, 73,
60: 59, 61, 89, 48, 30, 85,
61: 60, 62, 97,
62: 61, 63, 11,
63: 62, 64, 8, 47,
64: 63, 65, 28, 70, 67,
65: 64, 66, 28,
66: 65, 67, 53,
67: 66, 68, 64, 69, 41,
68: 67, 69, 28,
69: 68, 70, 67,
70: 69, 71, 47, 64,
71: 70, 72, 50, 14, 94, 82, 76, 30, 28, 19,
72: 71, 73, 28,
73: 72, 74, 28, 59,
74: 73, 75, 12, 25,
75: 74, 76, 30,
76: 75, 77, 41, 53, 71,
77: 76, 78, 38,
78: 77, 79, 50,
79: 78, 80, 13,
80: 79, 81, 1,
81: 80, 82, 16,
82: 81, 83, 71, 87,
83: 82, 84, 12, 85, 50,
84: 83, 85, 38, 11,
85: 84, 86, 83, 41, 35, 50, 28, 47, 60,
86: 85, 87, 39,
87: 86, 88, 82,
88: 87, 89, 41, 50,
89: 88, 90, 24, 60,
90: 89, 91, 38, 41,
91: 90, 92, 38,
92: 91, 93, 38,
93: 92, 94, 47,
94: 93, 95, 53, 71, 28,
95: 94, 96, 38,
96: 95, 97, 20, 32, 25,
97: 96, 98, 61,
98: 97, 99, 1,
99: 98, 39,
