100
0: 1, 11, 6, 80,
1: 0, 2, 96, 9, 48, 49,
2: 1, 3, 95, 17, 98, 48, 92,
3: 2, 4, 28,
4: 3, 5,
5: 4, 6,
6: 5, 7, 0, 12, 58,
7: 6, 8, 64, 14,
8: 7, 9, 55, 81, 50, 58,
9: 8, 10, 1,
10: 9, 11, 37, 40, 49, 54,
11: 10, 12, 0,
12: 11, 13, 6,
13: 12, 14, 98, 21,
14: 13, 15, 7, 30, 23, 59,
15: 14, 16, 41, 24, 91,
16: 15, 17, 95, 83, 46,
17: 16, 18, 2, 38, 70,
18: 17, 19, 93, 62, 87,
19: 18, 20, 26, 32, 58, 42, 33, 28, 70, 72, 99,
20: 19, 21, 38, 94, 26, 48,
21: 20, 22, 13,
22: 21, 23, 74, 50,
23: 22, 24, 14,
24: 23, 25, 15,
25: 24, 26, 82, 73, 34, 39,
26: 25, 27, 19, 61, 36, 86, 20, 77, 95,
27: 26, 28, 97, 44,
28: 27, 29, 3, 19, 49,
29: 28, 30, 57, 56,
30: 29, 31, 14, 44, 67, 95,
31: 30, 32, 87, 66,
32: 31, 33, 19,
33: 32, 34, 19,
34: 33, 35, 25, 68, 43,
35: 34, 36, 79, 56,
36: 35, 37, 26, 93, 45,
37: 36, 38, 10,
38: 37, 39, 17, 20,
39: 38, 40, 25,
40: 39, 41, 10,
41: 40, 42, 15,
42: 41, 43, 19,
43: 42, 44, 34, 84,
44: 43, 45, 30, 82, 60, 48, 27, 47, 70,
45: 44, 46, 36, 53, 52, 71,
46: 45, 47, 66, 16, 51, 88,
47: 46, 48, 44,
48: 47, 49, 44, 1, 2, 85, 20, 68,
49: 48, 50, 52, 10, 76, 28, 1, 59, 83,
50: 49, 51, 22, 8, 84, 99,
51: 50, 52, 46, 77,
52: 51, 53, 49, 45, 69,
53: 52, 54, 45, 90, 84,
54: 53, 55, 10,
55: 54, 56, 8,
56: 55, 57, 35, 29,
57: 56, 58, 29,
58: 57, 59, 19, 6, 85, 71, 79, 8, 95,
59: 58, 60, 14, 77, 80, 78, 49,
60: 59, 61, 44,
61: 60, 62, 26,
62: 61, 63, 18,
63: 62, 64, 96,
64: 63, 65, 7,
65: 64, 66, 76,
66: 65, 67, 46, 31, 70,
67: 66, 68, 30,
68: 67, 69, 34, 48, 88,
69: 68, 70, 52, 72,
70: 69, 71, 17, 44, 66, 19, 73,
71: 70, 72, 58, 45,
72: 71, 73, 69, 19,
73: 72, 74, 25, 70,
74: 73, 75, 22,
75: 74, 76, 83, 92,
76: 75, 77, 49, 65,
77: 76, 78, 59, 26, 51, 89,
78: 77, 79, 59,
79: 78, 80, 35, 58,
80: 79, 81, 0, 59,
81: 80, 82, 8,
82: 81, 83, 25, 44,
83: 82, 84, 16, 75, 49, 98,
84: 83, 85, 53, 43, 50, 89,
85: 84, 86, 48, 58,
86: 85, 87, 26,
87: 86, 88, 18, 31,
88: 87, 89, 68, 46,
89: 88, 90, 77, 84,
90: 89, 91, 53,
91: 90, 92, 15,
92: 91, 93, 75, 2,
93: 92, 94, 18, 36,
94: 93, 95, 20,
95: 94, 96, 2, 16, 58, 30, 26,
96: 95, 97, 1, 63,
97: 96, 98, 27,
98: 97, 99, 2, 13, 83,
99: 98, 19, 50,
