100
0: 1, 52, 43, 78, 64, 3, 18, 45, 31, 98,
1: 0, 2, 80, 14, 39,
2: 1, 3, 43, 36, 44, 97,
3: 2, 4, 0,
4: 3, 5,
5: 4, 6, 48,
6: 5, 7, 35,
7: 6, 8, 33, 83, 18,
8: 7, 9,
9: 8, 10, 27, 67,
10: 9, 11, 71, 13,
11: 10, 12, 58, 14, 50, 52,
12: 11, 13, 50, 56, 16, 98,
13: 12, 14, 76, 10, 34, 31, 61, 97,
14: 13, 15, 1, 11,
15: 14, 16, 87, 59, 98,
16: 15, 17, 12, 38, 70, 74,
17: 16, 18, 37,
18: 17, 19, 0, 74, 7, 22, 29,
19: 18, 20, 63, 91, 61, 70,
20: 19, 21, 92, 89,
21: 20, 22, 24, 81,
22: 21, 23, 18, 32,
23: 22, 24, 41, 33,
24: 23, 25, 21, 88, 60,
25: 24, 26, 80, 89,
26: 25, 27, 84, 82,
27: 26, 28, 9, 32, 88,
28: 27, 29, 41, 51, 33, 79,
29: 28, 30, 18, 67,
30: 29, 31, 56, 88,
31: 30, 32, 83, 13, 0, 64, 98,
32: 31, 33, 27, 22, 55,
33: 32, 34, 7, 72, 23, 62, 93, 91, 99, 28, 53, 97, 0, 0, 65, 0, 31, 33, 27, 22, 55,
34: 33, 35, 13,
35: 34, 36, 6,
36: 35, 37, 2,
37: 36, 38, 17,
38: 37, 39, 16,
39: 38, 40, 46, 1, 77,
40: 39, 41, 90, 82,
41: 40, 42, 23, 28,
42: 41, 43, 96,
43: 42, 44, 0, 2,
44: 43, 45, 93, 2,
45: 44, 46, 0,
46: 45, 47, 39,
47: 46, 48, 97, 53,
48: 47, 49, 5,
49: 48, 50, 51, 57,
50: 49, 51, 11, 12,
51: 50, 52, 28, 49,
52: 51, 53, 0, 11,
53: 52, 54, 33, 47, 81,
54: 53, 55, 94, 60, 72,
55: 54, 56, 32, 87,
56: 55, 57, 12, 30,
57: 56, 58, 49,
58: 57, 59, 11,
59: 58, 60, 15,
60: 59, 61, 54, 24,
61: 60, 62, 13, 19, 91,
62: 61, 63, 33,
63: 62, 64, 19,
64: 63, 65, 0, 31,
65: 64, 66, 87, 82,
66: 65, 67, 69, 73,
67: 66, 68, 9, 75, 29, 97,
68: 67, 69, 91, 81,
69: 68, 70, 66,
70: 69, 71, 19, 16, 81, 88,
71: 70, 72, 10,
72: 71, 73, 33, 54,
73: 72, 74, 66, 77,
74: 73, 75, 18, 16, 93,
75: 74, 76, 67,
76: 75, 77, 13,
77: 76, 78, 39, 73, 98,
78: 77, 79, 0,
79: 78, 80, 99, 86, 28, 89,
80: 79, 81, 1, 25,
81: 80, 82, 70, 21, 53, 68, 85, 89, 98,
82: 81, 83, 26, 65, 40, 95, 97,
83: 82, 84, 7, 31,
84: 83, 85, 26,
85: 84, 86, 97, 81, 91,
86: 85, 87, 79, 98,
87: 86, 88, 15, 65, 55,
88: 87, 89, 24, 30, 27, 70, 96, 97,
89: 88, 90, 79, 20, 25, 81, 97,
90: 89, 91, 40,
91: 90, 92, 19, 33, 68, 61, 85,
92: 91, 93, 20,
93: 92, 94, 33, 44, 74,
94: 93, 95, 54,
95: 94, 96, 82, 98,
96: 95, 97, 42, 88,
97: 96, 98, 47, 85, 88, 82, 89, 67, 2, 33, 13,
98: 97, 99, 86, 77, 15, 81, 12, 0, 31, 95,
99: 98, 33, 79,
