100
0: 1, 14, 11,
1: 0, 2, 71, 5, 54, 59, 15, 65,
2: 1, 3,
3: 2, 4, 48, 37,
4: 3, 5,
5: 4, 6, 1,
6: 5, 7,
7: 6, 8, 21, 34, 19, 35,
8: 7, 9, 81, 96, 60, 89, 58, 31, 99,
9: 8, 10,
10: 9, 11, 79, 37, 26,
11: 10, 12, 0, 67, 62, 41, 15, 44, 52, 53,
12: 11, 13, 28, 23, 20, 19, 77,
13: 12, 14, 24, 48, 33, 38,
14: 13, 15, 0, 92, 88,
15: 14, 16, 1, 11, 37, 66, 93, 80, 75,
16: 15, 17, 51,
17: 16, 18, 64, 62,
18: 17, 19, 30, 67, 92,
19: 18, 20, 41, 63, 7, 89, 51, 12, 26, 78, 79,
20: 19, 21, 12, 74, 67,
21: 20, 22, 7,
22: 21, 23, 98,
23: 22, 24, 12, 74, 75, 79,
24: 23, 25, 13,
25: 24, 26, 77, 44,
26: 25, 27, 19, 10,
27: 26, 28, 70, 53, 96, 45, 85,
28: 27, 29, 12,
29: 28, 30, 97, 33,
30: 29, 31, 18,
31: 30, 32, 8,
32: 31, 33, 40, 67,
33: 32, 34, 13, 29, 67,
34: 33, 35, 7, 73, 84,
35: 34, 36, 7, 68, 52, 60, 79,
36: 35, 37, 94, 41,
37: 36, 38, 3, 10, 15,
38: 37, 39, 45, 57, 54, 65, 69, 13, 82, 73, 85,
39: 38, 40, 46, 56,
40: 39, 41, 32,
41: 40, 42, 11, 19, 36,
42: 41, 43, 68, 47,
43: 42, 44, 83, 79,
44: 43, 45, 25, 11, 72,
45: 44, 46, 38, 27,
46: 45, 47, 39, 49, 55, 69, 90,
47: 46, 48, 42,
48: 47, 49, 3, 13,
49: 48, 50, 46, 96,
50: 49, 51, 88, 71,
51: 50, 52, 16, 19,
52: 51, 53, 35, 73, 11, 72,
53: 52, 54, 27, 11,
54: 53, 55, 1, 38,
55: 54, 56, 46,
56: 55, 57, 39, 71,
57: 56, 58, 38, 70,
58: 57, 59, 8,
59: 58, 60, 1,
60: 59, 61, 8, 35, 90,
61: 60, 62, 95, 89, 71,
62: 61, 63, 11, 67, 17,
63: 62, 64, 19,
64: 63, 65, 17,
65: 64, 66, 38, 1, 67,
66: 65, 67, 15,
67: 66, 68, 11, 18, 62, 20, 86, 32, 88, 33, 65,
68: 67, 69, 35, 42,
69: 68, 70, 38, 89, 46,
70: 69, 71, 27, 57,
71: 70, 72, 1, 76, 56, 50, 61,
72: 71, 73, 52, 44,
73: 72, 74, 34, 52, 38,
74: 73, 75, 20, 23,
75: 74, 76, 15, 23,
76: 75, 77, 71,
77: 76, 78, 25, 12, 89,
78: 77, 79, 19,
79: 78, 80, 10, 23, 35, 43, 19, 86,
80: 79, 81, 15,
81: 80, 82, 8,
82: 81, 83, 38,
83: 82, 84, 43,
84: 83, 85, 34,
85: 84, 86, 38, 27, 99,
86: 85, 87, 67, 79, 91,
87: 86, 88, 97,
88: 87, 89, 50, 67, 14,
89: 88, 90, 8, 19, 61, 69, 77,
90: 89, 91, 60, 46,
91: 90, 92, 86,
92: 91, 93, 14, 18,
93: 92, 94, 15,
94: 93, 95, 36,
95: 94, 96, 61,
96: 95, 97, 8, 27, 49,
97: 96, 98, 29, 87,
98: 97, 99, 22,
99: 98, 8, 85,
