100
0: 1, 10, 36, 91, 77,
1: 0, 2, 83, 66, 3, 17, 51,
2: 1, 3, 24, 30,
3: 2, 4, 1,
4: 3, 5,
5: 4, 6, 27, 95, 51, 84, 7,
6: 5, 7,
7: 6, 8, 18, 5, 25, 58,
8: 7, 9, 90, 26,
9: 8, 10, 69, 14,
10: 9, 11, 0,
11: 10, 12, 61, 50,
12: 11, 13, 57, 75, 37, 80, 24, 14, 91, 48, 30, 32, 0, 0, 65, 0, 12, 14, 55, 20, 81, 97,
13: 12, 14, 55, 20, 81, 97,
14: 13, 15, 12, 9, 25,
15: 14, 16, 62, 68,
16: 15, 17, 70, 76, 99, 40, 68,
17: 16, 18, 1,
18: 17, 19, 7,
19: 18, 20, 57, 43,
20: 19, 21, 64, 74, 13, 38, 96,
21: 20, 22, 47, 96,
22: 21, 23, 96, 40,
23: 22, 24, 86, 33,
24: 23, 25, 2, 12,
25: 24, 26, 14, 7, 28, 37,
26: 25, 27, 30, 95, 79, 8, 65,
27: 26, 28, 5,
28: 27, 29, 25, 42, 52, 73,
29: 28, 30, 70, 67, 38, 46,
30: 29, 31, 26, 2, 98, 71, 87, 12, 40, 93, 37, 63, 0, 0, 65, 0, 30, 32, 69, 60,
31: 30, 32, 69, 60,
32: 31, 33, 12, 51,
33: 32, 34, 23, 72, 37, 87,
34: 33, 35, 81,
35: 34, 36, 82, 56,
36: 35, 37, 0, 87, 48,
37: 36, 38, 12, 33, 25, 89, 67, 30,
38: 37, 39, 29, 68, 20, 65, 72, 78,
39: 38, 40, 78, 45, 99,
40: 39, 41, 30, 16, 22, 46,
41: 40, 42, 45, 52,
42: 41, 43, 28,
43: 42, 44, 19, 88, 49,
44: 43, 45, 93, 49, 51, 68,
45: 44, 46, 39, 41,
46: 45, 47, 40, 29, 87,
47: 46, 48, 21,
48: 47, 49, 12, 36, 50,
49: 48, 50, 43, 44,
50: 49, 51, 95, 48, 11, 63,
51: 50, 52, 5, 58, 44, 92, 75, 95, 32, 1, 82,
52: 51, 53, 28, 94, 41,
53: 52, 54, 80,
54: 53, 55, 94, 96,
55: 54, 56, 13,
56: 55, 57, 35,
57: 56, 58, 12, 19,
58: 57, 59, 51, 7, 65,
59: 58, 60, 65,
60: 59, 61, 31, 77,
61: 60, 62, 11,
62: 61, 63, 15,
63: 62, 64, 50, 30,
64: 63, 65, 20,
65: 64, 66, 59, 26, 38, 58, 85,
66: 65, 67, 1,
67: 66, 68, 29, 37,
68: 67, 69, 38, 44, 15, 71, 16, 78, 88,
69: 68, 70, 9, 31,
70: 69, 71, 16, 29,
71: 70, 72, 30, 68,
72: 71, 73, 33, 81, 38,
73: 72, 74, 28, 94,
74: 73, 75, 20,
75: 74, 76, 12, 51,
76: 75, 77, 16,
77: 76, 78, 0, 60, 95, 96,
78: 77, 79, 39, 68, 38,
79: 78, 80, 26,
80: 79, 81, 12, 53,
81: 80, 82, 34, 72, 12, 96,
82: 81, 83, 35, 51,
83: 82, 84, 1,
84: 83, 85, 5,
85: 84, 86, 65,
86: 85, 87, 23,
87: 86, 88, 30, 36, 33, 46,
88: 87, 89, 43, 68,
89: 88, 90, 37,
90: 89, 91, 8,
91: 90, 92, 0, 12,
92: 91, 93, 51,
93: 92, 94, 30, 44,
94: 93, 95, 52, 54, 73,
95: 94, 96, 5, 26, 50, 51, 77,
96: 95, 97, 22, 54, 20, 77, 21, 81,
97: 96, 98, 12,
98: 97, 99, 30,
99: 98, 16, 39,
