100
0: 1, 30, 40, 79, 20,
1: 0, 2, 65, 48, 54,
2: 1, 3, 39, 29,
3: 2, 4,
4: 3, 5,
5: 4, 6, 27,
6: 5, 7, 23, 14,
7: 6, 8, 84, 64,
8: 7, 9, 36, 85,
9: 8, 10, 40, 34, 77, 61, 67, 83,
10: 9, 11, 29, 25, 40, 61,
11: 10, 12, 18, 82, 52, 54, 71, 85, 45, 77, 14, 31, 0, 0, 65, 0, 9, 11, 29, 25, 40, 61,
12: 11, 13, 60, 87, 42, 37,
13: 12, 14, 43, 29, 66,
14: 13, 15, 11, 6, 21, 57,
15: 14, 16, 18,
16: 15, 17, 79,
17: 16, 18, 53, 29,
18: 17, 19, 11, 15,
19: 18, 20, 80, 28, 24, 64,
20: 19, 21, 0, 56, 26, 71,
21: 20, 22, 14, 49,
22: 21, 23, 31, 67,
23: 22, 24, 6,
24: 23, 25, 19, 40,
25: 24, 26, 10, 67, 64,
26: 25, 27, 20, 33, 83,
27: 26, 28, 5, 78, 46, 84, 32, 87, 37, 64,
28: 27, 29, 19,
29: 28, 30, 10, 13, 76, 17, 2, 50, 70, 92, 99,
30: 29, 31, 0, 96, 75, 40, 54,
31: 30, 32, 22, 91, 11, 34, 68,
32: 31, 33, 27,
33: 32, 34, 26, 49, 99,
34: 33, 35, 9, 31,
35: 34, 36, 69, 54,
36: 35, 37, 8,
37: 36, 38, 47, 12, 27, 75, 88,
38: 37, 39, 74, 83,
39: 38, 40, 2,
40: 39, 41, 0, 9, 10, 24, 98, 30, 93,
41: 40, 42, 97, 83,
42: 41, 43, 12,
43: 42, 44, 13,
44: 43, 45, 58, 69,
45: 44, 46, 11,
46: 45, 47, 27, 94,
47: 46, 48, 37, 86, 69,
48: 47, 49, 1,
49: 48, 50, 33, 21, 59,
50: 49, 51, 29,
51: 50, 52, 59, 62,
52: 51, 53, 11,
53: 52, 54, 17,
54: 53, 55, 11, 30, 1, 35, 57, 58, 59,
55: 54, 56, 73, 98, 63, 64,
56: 55, 57, 20,
57: 56, 58, 14, 54,
58: 57, 59, 44, 54,
59: 58, 60, 51, 54, 89, 49, 68,
60: 59, 61, 12, 81, 76,
61: 60, 62, 11, 75, 9, 71, 88,
62: 61, 63, 89, 51,
63: 62, 64, 55, 68,
64: 63, 65, 7, 19, 25, 55, 27, 71,
65: 64, 66, 1,
66: 65, 67, 13,
67: 66, 68, 25, 22, 9,
68: 67, 69, 31, 59, 63, 75,
69: 68, 70, 35, 47, 99, 44,
70: 69, 71, 29, 99,
71: 70, 72, 11, 64, 61, 20, 75, 99,
72: 71, 73, 99, 92,
73: 72, 74, 55,
74: 73, 75, 38,
75: 74, 76, 30, 61, 71, 68, 37, 92,
76: 75, 77, 29, 60,
77: 76, 78, 9, 11,
78: 77, 79, 27,
79: 78, 80, 0, 16,
80: 79, 81, 19,
81: 80, 82, 60,
82: 81, 83, 11,
83: 82, 84, 9, 26, 41, 38,
84: 83, 85, 7, 27,
85: 84, 86, 8, 11,
86: 85, 87, 47, 90,
87: 86, 88, 12, 27,
88: 87, 89, 61, 37,
89: 88, 90, 59, 62,
90: 89, 91, 86,
91: 90, 92, 31,
92: 91, 93, 75, 72, 29, 95,
93: 92, 94, 40,
94: 93, 95, 46,
95: 94, 96, 92, 97,
96: 95, 97, 30,
97: 96, 98, 41, 95,
98: 97, 99, 40, 55,
99: 98, 69, 72, 70, 33, 29, 71,
