100
0: 1, 63, 59,
1: 0, 2, 24, 38,
2: 1, 3,
3: 2, 4,
4: 3, 5, 8,
5: 4, 6, 38, 58,
6: 5, 7, 41,
7: 6, 8, 84, 53,
8: 7, 9, 4,
9: 8, 10, 11, 99, 23, 34, 66,
10: 9, 11, 12,
11: 10, 12, 9,
12: 11, 13, 10, 19, 54, 45, 22, 18, 43, 59, 66,
13: 12, 14, 26, 90, 74, 75,
14: 13, 15, 96, 81,
15: 14, 16, 52, 33,
16: 15, 17, 55, 62,
17: 16, 18, 60, 49,
18: 17, 19, 12, 40,
19: 18, 20, 12, 56, 29,
20: 19, 21, 49, 78,
21: 20, 22, 50, 66,
22: 21, 23, 12, 85, 53, 38, 43,
23: 22, 24, 9, 46, 70, 28, 65,
24: 23, 25, 1,
25: 24, 26, 36, 39,
26: 25, 27, 13,
27: 26, 28, 48, 33,
28: 27, 29, 81, 23, 56, 62,
29: 28, 30, 64, 19, 71, 73,
30: 29, 31, 97, 35, 46, 66,
31: 30, 32, 88, 97,
32: 31, 33, 93, 94, 81,
33: 32, 34, 61, 92, 15, 88, 27, 66,
34: 33, 35, 9,
35: 34, 36, 30,
36: 35, 37, 25, 62, 47,
37: 36, 38, 69, 59,
38: 37, 39, 5, 94, 22, 1, 43, 93,
39: 38, 40, 25, 46,
40: 39, 41, 44, 18, 73, 83,
41: 40, 42, 6,
42: 41, 43, 61, 96, 57, 81,
43: 42, 44, 38, 22, 12, 46, 66,
44: 43, 45, 40,
45: 44, 46, 12, 95, 87,
46: 45, 47, 23, 78, 30, 39, 43, 73, 77,
47: 46, 48, 36, 77,
48: 47, 49, 27,
49: 48, 50, 20, 17, 77,
50: 49, 51, 21,
51: 50, 52, 67, 73,
52: 51, 53, 15,
53: 52, 54, 7, 22,
54: 53, 55, 12,
55: 54, 56, 16,
56: 55, 57, 19, 68, 28,
57: 56, 58, 42, 77,
58: 57, 59, 5,
59: 58, 60, 12, 0, 37, 72,
60: 59, 61, 17,
61: 60, 62, 33, 42, 98,
62: 61, 63, 36, 16, 28, 73,
63: 62, 64, 0,
64: 63, 65, 29,
65: 64, 66, 80, 23, 92,
66: 65, 67, 12, 30, 21, 78, 9, 79, 33, 87, 43, 82, 0, 0, 65, 0, 64, 66, 80, 23, 92,
67: 66, 68, 51, 77,
68: 67, 69, 56, 91,
69: 68, 70, 37,
70: 69, 71, 23,
71: 70, 72, 29, 83,
72: 71, 73, 79, 59,
73: 72, 74, 40, 29, 62, 51, 46, 89, 76, 78, 82, 87, 0, 0, 65, 0, 71, 73, 79, 59,
74: 73, 75, 13,
75: 74, 76, 86, 13, 87, 78,
76: 75, 77, 73, 87,
77: 76, 78, 67, 93, 46, 47, 57, 49, 81,
78: 77, 79, 46, 66, 20, 75, 73,
79: 78, 80, 66, 72,
80: 79, 81, 65,
81: 80, 82, 28, 92, 14, 42, 77, 93, 32,
82: 81, 83, 73, 66,
83: 82, 84, 40, 71,
84: 83, 85, 7,
85: 84, 86, 22,
86: 85, 87, 75,
87: 86, 88, 66, 75, 76, 73, 45,
88: 87, 89, 31, 33,
89: 88, 90, 73,
90: 89, 91, 13,
91: 90, 92, 68,
92: 91, 93, 33, 81, 66, 98,
93: 92, 94, 32, 77, 81, 38,
94: 93, 95, 32, 38,
95: 94, 96, 45,
96: 95, 97, 14, 42,
97: 96, 98, 30, 31,
98: 97, 99, 61, 92,
99: 98, 9,
