100
0: 1, 68, 14, 46,
1: 0, 2, 78, 68, 52,
2: 1, 3, 36, 21, 23, 27,
3: 2, 4,
4: 3, 5,
5: 4, 6, 40,
6: 5, 7, 92,
7: 6, 8, 66,
8: 7, 9, 23,
9: 8, 10, 87, 91, 30, 15, 42,
10: 9, 11, 47, 16,
11: 10, 12, 94, 41,
12: 11, 13, 33, 71, 35, 51,
13: 12, 14, 70, 96,
14: 13, 15, 0,
15: 14, 16, 9, 99,
16: 15, 17, 10, 97, 44, 51,
17: 16, 18, 76,
18: 17, 19, 69, 91,
19: 18, 20, 38, 24, 57,
20: 19, 21, 65, 54,
21: 20, 22, 2, 86,
22: 21, 23, 49, 74,
23: 22, 24, 8, 2, 45,
24: 23, 25, 19, 48, 29,
25: 24, 26, 44, 93, 82, 58, 77, 32, 81, 89,
26: 25, 27, 35, 51,
27: 26, 28, 2, 58, 98, 34,
28: 27, 29, 43, 62, 80,
29: 28, 30, 24, 79, 46, 62,
30: 29, 31, 9,
31: 30, 32, 93, 75,
32: 31, 33, 25,
33: 32, 34, 12, 61,
34: 33, 35, 74, 27, 78, 41,
35: 34, 36, 12, 26, 83, 60, 55,
36: 35, 37, 2,
37: 36, 38, 99, 55,
38: 37, 39, 19,
39: 38, 40, 66,
40: 39, 41, 5,
41: 40, 42, 11, 34, 52, 62, 93,
42: 41, 43, 9,
43: 42, 44, 28,
44: 43, 45, 16, 25,
45: 44, 46, 23, 72,
46: 45, 47, 29, 0, 64, 84,
47: 46, 48, 10,
48: 47, 49, 24,
49: 48, 50, 22,
50: 49, 51, 73,
51: 50, 52, 12, 26, 16, 73,
52: 51, 53, 41, 1,
53: 52, 54, 59, 90, 74,
54: 53, 55, 20,
55: 54, 56, 35, 62, 83, 37, 84, 89,
56: 55, 57, 67, 63,
57: 56, 58, 19, 97, 67, 70,
58: 57, 59, 25, 27,
59: 58, 60, 53,
60: 59, 61, 35,
61: 60, 62, 33,
62: 61, 63, 28, 41, 55, 85, 29, 95,
63: 62, 64, 81, 56,
64: 63, 65, 46,
65: 64, 66, 20,
66: 65, 67, 7, 39,
67: 66, 68, 56, 57,
68: 67, 69, 0, 1,
69: 68, 70, 18, 92,
70: 69, 71, 13, 57,
71: 70, 72, 12,
72: 71, 73, 45,
73: 72, 74, 50, 51,
74: 73, 75, 34, 53, 85, 22, 88,
75: 74, 76, 31,
76: 75, 77, 17,
77: 76, 78, 25,
78: 77, 79, 1, 34,
79: 78, 80, 29,
80: 79, 81, 28,
81: 80, 82, 63, 25,
82: 81, 83, 25,
83: 82, 84, 35, 55,
84: 83, 85, 55, 46,
85: 84, 86, 62, 74,
86: 85, 87, 21,
87: 86, 88, 9,
88: 87, 89, 74,
89: 88, 90, 25, 55,
90: 89, 91, 53,
91: 90, 92, 9, 18,
92: 91, 93, 6, 69,
93: 92, 94, 25, 31, 41,
94: 93, 95, 11,
95: 94, 96, 62,
96: 95, 97, 13,
97: 96, 98, 16, 57,
98: 97, 99, 27,
99: 98, 15, 37,
