100
0: 1, 54, 25,
1: 0, 2, 83, 14, 71, 77, 36, 53, 60, 96,
2: 1, 3,
3: 2, 4, 37, 26,
4: 3, 5,
5: 4, 6, 87,
6: 5, 7, 76,
7: 6, 8, 91, 51,
8: 7, 9,
9: 8, 10, 13, 29,
10: 9, 11, 77, 14,
11: 10, 12, 32,
12: 11, 13, 67, 49,
13: 12, 14, 9, 94, 19,
14: 13, 15, 1, 79, 10, 21,
15: 14, 16, 99, 20,
16: 15, 17, 56, 70, 60, 72,
17: 16, 18, 74, 54,
18: 17, 19, 46,
19: 18, 20, 13, 42,
20: 19, 21, 86, 77, 15,
21: 20, 22, 89, 48, 14, 56, 64,
22: 21, 23, 44, 24,
23: 22, 24, 59, 86,
24: 23, 25, 22,
25: 24, 26, 57, 63, 0, 62, 28, 78,
26: 25, 27, 3,
27: 26, 28, 41, 56,
28: 27, 29, 25, 75, 76, 88, 95,
29: 28, 30, 9,
30: 29, 31, 40, 66, 80,
31: 30, 32, 58, 68, 95,
32: 31, 33, 11, 78, 91,
33: 32, 34, 49, 63,
34: 33, 35, 85, 84, 38, 56, 45, 95,
35: 34, 36, 39, 53, 60, 81,
36: 35, 37, 1,
37: 36, 38, 3, 50, 94,
38: 37, 39, 34,
39: 38, 40, 35,
40: 39, 41, 30, 58, 48,
41: 40, 42, 27,
42: 41, 43, 55, 19, 83, 85,
43: 42, 44, 85, 80,
44: 43, 45, 22,
45: 44, 46, 52, 34, 61, 67,
46: 45, 47, 18,
47: 46, 48, 53, 73,
48: 47, 49, 21, 40, 69, 84, 95,
49: 48, 50, 33, 12, 85, 51, 95,
50: 49, 51, 37,
51: 50, 52, 7, 49, 60, 84,
52: 51, 53, 45,
53: 52, 54, 1, 35, 47,
54: 53, 55, 0, 17,
55: 54, 56, 42,
56: 55, 57, 16, 34, 27, 21,
57: 56, 58, 25, 67, 92,
58: 57, 59, 31, 40,
59: 58, 60, 23,
60: 59, 61, 16, 82, 35, 51, 1, 90,
61: 60, 62, 45, 96, 83, 95,
62: 61, 63, 25,
63: 62, 64, 25, 33,
64: 63, 65, 21,
65: 64, 66, 90, 93,
66: 65, 67, 30,
67: 66, 68, 12, 57, 45, 84,
68: 67, 69, 31,
69: 68, 70, 48,
70: 69, 71, 16,
71: 70, 72, 1,
72: 71, 73, 16,
73: 72, 74, 47,
74: 73, 75, 17,
75: 74, 76, 28,
76: 75, 77, 6, 28,
77: 76, 78, 1, 10, 20,
78: 77, 79, 32, 25,
79: 78, 80, 14,
80: 79, 81, 30, 43,
81: 80, 82, 97, 35,
82: 81, 83, 60,
83: 82, 84, 1, 61, 42, 90,
84: 83, 85, 34, 48, 94, 51, 67,
85: 84, 86, 34, 43, 49, 42,
86: 85, 87, 20, 23, 90,
87: 86, 88, 5,
88: 87, 89, 28, 98,
89: 88, 90, 21,
90: 89, 91, 65, 86, 60, 83,
91: 90, 92, 7, 32,
92: 91, 93, 57,
93: 92, 94, 65,
94: 93, 95, 13, 84, 37,
95: 94, 96, 49, 61, 34, 48, 28, 31, 98,
96: 95, 97, 61, 1,
97: 96, 98, 81,
98: 97, 99, 88, 95,
99: 98, 15,
