100
0: 1, 16, 14, 88, 21, 48, 60,
1: 0, 2, 46, 77,
2: 1, 3, 99, 98, 29, 23, 55, 56, 73, 53, 97, 34, 0, 0, 65, 0, 2, 4,
3: 2, 4,
4: 3, 5,
5: 4, 6, 78, 53, 88, 80, 92, 49, 20,
6: 5, 7, 87, 15,
7: 6, 8, 66,
8: 7, 9,
9: 8, 10, 67, 31,
10: 9, 11, 65, 95,
11: 10, 12, 33, 63,
12: 11, 13,
13: 12, 14, 84, 51, 57, 66,
14: 13, 15, 0, 99, 40,
15: 14, 16, 6, 51,
16: 15, 17, 0,
17: 16, 18, 65,
18: 17, 19, 86, 37, 26, 77,
19: 18, 20, 65, 93, 81,
20: 19, 21, 5, 68,
21: 20, 22, 0, 76, 39, 67, 92, 32, 36, 60,
22: 21, 23, 89, 47,
23: 22, 24, 2,
24: 23, 25, 27, 44, 42, 50,
25: 24, 26, 55, 99, 41, 52,
26: 25, 27, 18, 36,
27: 26, 28, 24,
28: 27, 29, 82, 74, 96, 57, 79, 80,
29: 28, 30, 2,
30: 29, 31, 75, 96,
31: 30, 32, 91, 9, 97,
32: 31, 33, 21, 54,
33: 32, 34, 11,
34: 33, 35, 2, 72, 48,
35: 34, 36, 51, 70,
36: 35, 37, 71, 26, 21, 43, 48, 62,
37: 36, 38, 18,
38: 37, 39, 85, 58,
39: 38, 40, 21,
40: 39, 41, 59, 14, 42, 96,
41: 40, 42, 94, 25, 93, 45, 60, 78,
42: 41, 43, 40, 24, 77,
43: 42, 44, 36,
44: 43, 45, 24,
45: 44, 46, 41, 58,
46: 45, 47, 1,
47: 46, 48, 83, 22, 54, 69,
48: 47, 49, 69, 34, 0, 36, 97, 78, 81,
49: 48, 50, 5,
50: 49, 51, 24, 96,
51: 50, 52, 13, 15, 35, 86, 96,
52: 51, 53, 25,
53: 52, 54, 2, 5,
54: 53, 55, 47, 32, 78,
55: 54, 56, 2, 25,
56: 55, 57, 2,
57: 56, 58, 90, 72, 13, 73, 28, 96,
58: 57, 59, 45, 38,
59: 58, 60, 40,
60: 59, 61, 64, 21, 41, 0, 95,
61: 60, 62, 75, 81,
62: 61, 63, 36, 64,
63: 62, 64, 11,
64: 63, 65, 60, 62,
65: 64, 66, 10, 17, 19,
66: 65, 67, 7, 70, 13, 78,
67: 66, 68, 9, 21,
68: 67, 69, 20,
69: 68, 70, 48, 47, 95,
70: 69, 71, 66, 35,
71: 70, 72, 36,
72: 71, 73, 34, 57,
73: 72, 74, 2, 57,
74: 73, 75, 28,
75: 74, 76, 30, 61,
76: 75, 77, 21,
77: 76, 78, 18, 42, 79, 1,
78: 77, 79, 5, 84, 66, 48, 54, 41, 81,
79: 78, 80, 77, 28, 96,
80: 79, 81, 5, 28, 97,
81: 80, 82, 61, 78, 19, 48,
82: 81, 83, 28,
83: 82, 84, 47,
84: 83, 85, 13, 78,
85: 84, 86, 38,
86: 85, 87, 18, 51,
87: 86, 88, 6,
88: 87, 89, 0, 5,
89: 88, 90, 22,
90: 89, 91, 57,
91: 90, 92, 31,
92: 91, 93, 5, 21,
93: 92, 94, 19, 41,
94: 93, 95, 41,
95: 94, 96, 60, 10, 69,
96: 95, 97, 28, 51, 57, 50, 40, 79, 30,
97: 96, 98, 2, 48, 80, 31,
98: 97, 99, 2,
99: 98, 2, 14, 25,
