100
0: 1, 48, 81, 19, 46,
1: 0, 2, 19, 40,
2: 1, 3, 7, 36,
3: 2, 4,
4: 3, 5,
5: 4, 6, 32, 79, 83, 51, 61, 8,
6: 5, 7, 92, 30,
7: 6, 8, 2,
8: 7, 9, 50, 5, 75, 80, 16,
9: 8, 10, 34, 33, 26,
10: 9, 11, 21, 26,
11: 10, 12, 62, 90, 22, 77,
12: 11, 13, 65, 56, 18, 16, 39, 46,
13: 12, 14, 28, 17, 29, 43,
14: 13, 15, 49, 78, 76, 64,
15: 14, 16, 96, 20,
16: 15, 17, 12, 8, 18, 26,
17: 16, 18, 13,
18: 17, 19, 12, 16, 51, 74,
19: 18, 20, 1, 0, 53, 86, 90, 25, 39, 72, 97,
20: 19, 21, 15, 38, 50, 34, 65, 72,
21: 20, 22, 10, 47, 41,
22: 21, 23, 33, 11, 56,
23: 22, 24, 77, 26,
24: 23, 25, 87, 26,
25: 24, 26, 19,
26: 25, 27, 23, 87, 9, 45, 10, 73, 24, 16, 41,
27: 26, 28, 68, 82,
28: 27, 29, 13,
29: 28, 30, 13, 93, 94, 31, 66,
30: 29, 31, 6, 52, 48, 60, 82,
31: 30, 32, 29, 46,
32: 31, 33, 5,
33: 32, 34, 9, 22,
34: 33, 35, 9, 20,
35: 34, 36, 41, 98,
36: 35, 37, 2,
37: 36, 38, 55, 42,
38: 37, 39, 20,
39: 38, 40, 12, 19, 47, 62,
40: 39, 41, 57, 1, 84, 71,
41: 40, 42, 35, 21, 51, 26, 99, 74, 98,
42: 41, 43, 37,
43: 42, 44, 13, 80,
44: 43, 45, 59, 56,
45: 44, 46, 26,
46: 45, 47, 12, 31, 0, 57, 61, 86,
47: 46, 48, 21, 39, 61,
48: 47, 49, 0, 30,
49: 48, 50, 14, 89, 80, 74, 79,
50: 49, 51, 8, 20,
51: 50, 52, 5, 18, 41, 98,
52: 51, 53, 30,
53: 52, 54, 19,
54: 53, 55, 93, 81,
55: 54, 56, 37,
56: 55, 57, 12, 44, 22, 91, 68, 63, 69, 71,
57: 56, 58, 40, 46,
58: 57, 59, 77, 95, 74, 82,
59: 58, 60, 44,
60: 59, 61, 30,
61: 60, 62, 5, 46, 47, 70, 72, 74,
62: 61, 63, 11, 39, 74,
63: 62, 64, 56, 71,
64: 63, 65, 14,
65: 64, 66, 12, 20,
66: 65, 67, 29, 72,
67: 66, 68, 99,
68: 67, 69, 27, 56,
69: 68, 70, 88, 56, 72,
70: 69, 71, 61,
71: 70, 72, 56, 63, 40,
72: 71, 73, 19, 20, 66, 61, 69, 86,
73: 72, 74, 26,
74: 73, 75, 18, 62, 49, 58, 97, 98, 41, 81, 61, 85, 0, 0, 65, 0, 74, 76, 8,
75: 74, 76, 8,
76: 75, 77, 14,
77: 76, 78, 23, 58, 11, 96,
78: 77, 79, 14,
79: 78, 80, 5, 49,
80: 79, 81, 8, 49, 43,
81: 80, 82, 0, 74, 54,
82: 81, 83, 30, 27, 58,
83: 82, 84, 5,
84: 83, 85, 40,
85: 84, 86, 74,
86: 85, 87, 19, 72, 46,
87: 86, 88, 24, 26,
88: 87, 89, 69,
89: 88, 90, 49,
90: 89, 91, 11, 19,
91: 90, 92, 56,
92: 91, 93, 6,
93: 92, 94, 29, 54,
94: 93, 95, 29,
95: 94, 96, 58,
96: 95, 97, 15, 77,
97: 96, 98, 74, 19,
98: 97, 99, 51, 74, 35, 41,
99: 98, 41, 67,
