100
0: 1, 47, 56,
1: 0, 2, 89, 88, 24, 29,
2: 1, 3, 66, 75, 47, 13, 46, 97, 57, 53, 93,
3: 2, 4,
4: 3, 5,
5: 4, 6, 24,
6: 5, 7, 10, 81, 52, 24,
7: 6, 8, 74, 25,
8: 7, 9, 24, 20,
9: 8, 10,
10: 9, 11, 6, 27,
11: 10, 12, 15, 42,
12: 11, 13, 81, 93,
13: 12, 14, 2, 95, 18,
14: 13, 15, 21, 53,
15: 14, 16, 11,
16: 15, 17, 99, 61, 58,
17: 16, 18, 80, 26, 27,
18: 17, 19, 13, 40, 49,
19: 18, 20, 41, 97,
20: 19, 21, 8, 84,
21: 20, 22, 14,
22: 21, 23, 81, 50, 32, 73,
23: 22, 24, 56, 43,
24: 23, 25, 5, 8, 96, 6, 1, 31, 93,
25: 24, 26, 7, 39,
26: 25, 27, 17,
27: 26, 28, 10, 17, 63,
28: 27, 29, 69, 86,
29: 28, 30, 35, 1, 49, 93,
30: 29, 31, 44, 67,
31: 30, 32, 24, 72, 84,
32: 31, 33, 22, 93,
33: 32, 34, 78, 54,
34: 33, 35, 96, 50, 74,
35: 34, 36, 29, 77, 64, 93,
36: 35, 37, 98, 39,
37: 36, 38, 48, 64, 79,
38: 37, 39, 65, 74,
39: 38, 40, 36, 25, 90, 64,
40: 39, 41, 18, 69, 74,
41: 40, 42, 19, 54, 84, 90, 70, 71, 73,
42: 41, 43, 11, 58,
43: 42, 44, 23,
44: 43, 45, 30,
45: 44, 46, 57, 74,
46: 45, 47, 2,
47: 46, 48, 0, 2, 68, 55, 92, 67, 83, 85, 51, 74, 0, 0, 65, 0, 45, 47, 2,
48: 47, 49, 37,
49: 48, 50, 29, 87, 18, 93,
50: 49, 51, 22, 34,
51: 50, 52, 47,
52: 51, 53, 6,
53: 52, 54, 78, 82, 2, 14, 55,
54: 53, 55, 41, 33, 74,
55: 54, 56, 47, 53, 60,
56: 55, 57, 0, 23,
57: 56, 58, 2, 45,
58: 57, 59, 16, 71, 42, 97,
59: 58, 60, 76, 94,
60: 59, 61, 77, 55, 93,
61: 60, 62, 16,
62: 61, 63, 97,
63: 62, 64, 27, 91, 87,
64: 63, 65, 35, 37, 39,
65: 64, 66, 38,
66: 65, 67, 2,
67: 66, 68, 47, 30,
68: 67, 69, 47,
69: 68, 70, 28, 40,
70: 69, 71, 41,
71: 70, 72, 58, 41,
72: 71, 73, 31,
73: 72, 74, 83, 41, 22, 84, 97,
74: 73, 75, 7, 45, 76, 40, 34, 38, 54, 47,
75: 74, 76, 2,
76: 75, 77, 59, 74,
77: 76, 78, 35, 60,
78: 77, 79, 33, 53,
79: 78, 80, 37,
80: 79, 81, 17,
81: 80, 82, 6, 12, 22,
82: 81, 83, 53,
83: 82, 84, 47, 73,
84: 83, 85, 41, 20, 73, 31,
85: 84, 86, 47,
86: 85, 87, 28,
87: 86, 88, 49, 63,
88: 87, 89, 1,
89: 88, 90, 1,
90: 89, 91, 39, 41, 97,
91: 90, 92, 63,
92: 91, 93, 47,
93: 92, 94, 97, 24, 60, 49, 29, 35, 32, 2, 12,
94: 93, 95, 59,
95: 94, 96, 13,
96: 95, 97, 24, 34,
97: 96, 98, 2, 62, 90, 93, 19, 58, 73,
98: 97, 99, 36,
99: 98, 16,
