100
0: 1, 26, 15, 67,
1: 0, 2, 47, 7,
2: 1, 3, 74, 70, 71, 85, 94, 48, 52,
3: 2, 4,
4: 3, 5, 40,
5: 4, 6, 63, 98, 45,
6: 5, 7, 17, 47,
7: 6, 8, 1, 58,
8: 7, 9,
9: 8, 10, 76, 17,
10: 9, 11, 77,
11: 10, 12, 32,
12: 11, 13, 64, 29,
13: 12, 14, 91, 17,
14: 13, 15, 98, 75,
15: 14, 16, 0,
16: 15, 17, 63, 37,
17: 16, 18, 6, 9, 13, 67,
18: 17, 19, 82, 75,
19: 18, 20, 38, 52,
20: 19, 21, 22, 28, 30, 99, 34, 33, 68, 84, 44, 71, 0, 0, 65, 0, 18, 20, 38, 52,
21: 20, 22, 49, 57, 41, 80,
22: 21, 23, 20,
23: 22, 24, 98, 56,
24: 23, 25, 49, 72,
25: 24, 26, 46, 65, 80,
26: 25, 27, 0,
27: 26, 28, 62, 58,
28: 27, 29, 20,
29: 28, 30, 88, 12,
30: 29, 31, 20, 43, 57,
31: 30, 32, 54, 87,
32: 31, 33, 11, 69, 97, 51, 35, 43, 90,
33: 32, 34, 20,
34: 33, 35, 20,
35: 34, 36, 95, 50, 92, 32,
36: 35, 37, 64, 93, 57, 66,
37: 36, 38, 73, 96, 16,
38: 37, 39, 19,
39: 38, 40, 59, 90,
40: 39, 41, 4,
41: 40, 42, 45, 21, 63, 81, 90,
42: 41, 43, 77,
43: 42, 44, 30, 32,
44: 43, 45, 20, 86,
45: 44, 46, 5, 41,
46: 45, 47, 25,
47: 46, 48, 1, 6, 60, 78, 71, 81,
48: 47, 49, 2,
49: 48, 50, 21, 24,
50: 49, 51, 35,
51: 50, 52, 32,
52: 51, 53, 2, 19, 83,
53: 52, 54, 84, 69,
54: 53, 55, 31,
55: 54, 56, 75,
56: 55, 57, 23,
57: 56, 58, 21, 36, 30, 71, 87,
58: 57, 59, 27, 7, 61, 90,
59: 58, 60, 39, 84, 79,
60: 59, 61, 47,
61: 60, 62, 58, 89, 81,
62: 61, 63, 27,
63: 62, 64, 5, 16, 41, 71, 81,
64: 63, 65, 12, 36,
65: 64, 66, 25,
66: 65, 67, 36, 73,
67: 66, 68, 0, 17, 69,
68: 67, 69, 20,
69: 68, 70, 32, 53, 67, 87,
70: 69, 71, 2,
71: 70, 72, 2, 63, 47, 80, 57, 20, 75,
72: 71, 73, 24, 92,
73: 72, 74, 37, 66, 75,
74: 73, 75, 2,
75: 74, 76, 55, 71, 73, 18, 14,
76: 75, 77, 9,
77: 76, 78, 10, 42,
78: 77, 79, 47,
79: 78, 80, 59,
80: 79, 81, 71, 21, 25, 86,
81: 80, 82, 63, 47, 61, 41, 90,
82: 81, 83, 18,
83: 82, 84, 52,
84: 83, 85, 20, 53, 59,
85: 84, 86, 2,
86: 85, 87, 80, 90, 44,
87: 86, 88, 57, 31, 69,
88: 87, 89, 29,
89: 88, 90, 61,
90: 89, 91, 86, 39, 81, 32, 58, 41, 92,
91: 90, 92, 13,
92: 91, 93, 35, 90, 72,
93: 92, 94, 36,
94: 93, 95, 2,
95: 94, 96, 35,
96: 95, 97, 37,
97: 96, 98, 32,
98: 97, 99, 5, 14, 23,
99: 98, 20,
