100
0: 1, 29, 2, 19, 50,
1: 0, 2, 15, 47,
2: 1, 3, 0, 87, 50,
3: 2, 4,
4: 3, 5,
5: 4, 6, 28,
6: 5, 7, 21, 23,
7: 6, 8, 89,
8: 7, 9, 71, 21,
9: 8, 10, 39,
10: 9, 11, 28,
11: 10, 12, 15, 77, 83,
12: 11, 13, 58, 41, 24,
13: 12, 14, 56, 86, 99,
14: 13, 15, 27, 50,
15: 14, 16, 1, 11, 81, 23,
16: 15, 17, 44, 70, 47,
17: 16, 18, 66, 78,
18: 17, 19, 98, 26,
19: 18, 20, 0, 43, 95, 76,
20: 19, 21, 49, 79, 50,
21: 20, 22, 6, 8,
22: 21, 23, 53, 36,
23: 22, 24, 75, 56, 6, 15,
24: 23, 25, 50, 12, 61, 48,
25: 24, 26, 96, 45, 88, 90, 77, 84, 83,
26: 25, 27, 18, 65, 29, 46,
27: 26, 28, 14, 34, 38,
28: 27, 29, 5, 10,
29: 28, 30, 0, 26, 80,
30: 29, 31, 37, 45,
31: 30, 32, 39,
32: 31, 33, 35,
33: 32, 34, 74, 50,
34: 33, 35, 27,
35: 34, 36, 32,
36: 35, 37, 61, 22, 52, 57,
37: 36, 38, 30,
38: 37, 39, 27, 94, 50, 83,
39: 38, 40, 9, 31, 92,
40: 39, 41, 55, 92, 78, 69, 51, 47, 83,
41: 40, 42, 12,
42: 41, 43, 93, 73,
43: 42, 44, 19,
44: 43, 45, 16,
45: 44, 46, 25, 30, 85,
46: 45, 47, 26,
47: 46, 48, 73, 16, 40, 1, 53, 81, 63,
48: 47, 49, 68, 24, 96,
49: 48, 50, 20,
50: 49, 51, 24, 2, 0, 33, 91, 14, 67, 20, 62, 38, 0, 0, 65, 0, 50, 52, 40, 76, 54, 97, 58, 91, 99,
51: 50, 52, 40, 76, 54, 97, 58, 91, 99,
52: 51, 53, 36, 73,
53: 52, 54, 22, 47,
54: 53, 55, 51, 90, 83, 87, 88, 64, 74, 82,
55: 54, 56, 40,
56: 55, 57, 13, 23,
57: 56, 58, 36,
58: 57, 59, 12, 50, 80, 61, 91,
59: 58, 60, 85,
60: 59, 61, 68,
61: 60, 62, 24, 36, 58, 63,
62: 61, 63, 50,
63: 62, 64, 61, 47, 94,
64: 63, 65, 54,
65: 64, 66, 26,
66: 65, 67, 17,
67: 66, 68, 50,
68: 67, 69, 48, 60,
69: 68, 70, 40,
70: 69, 71, 16,
71: 70, 72, 8,
72: 71, 73, 99,
73: 72, 74, 47, 52, 42, 96,
74: 73, 75, 33, 54,
75: 74, 76, 23,
76: 75, 77, 51, 84, 19, 93,
77: 76, 78, 11, 25,
78: 77, 79, 40, 17,
79: 78, 80, 20,
80: 79, 81, 58, 29,
81: 80, 82, 15, 47,
82: 81, 83, 54,
83: 82, 84, 54, 40, 97, 11, 38, 25, 91,
84: 83, 85, 25, 76,
85: 84, 86, 59, 45,
86: 85, 87, 13,
87: 86, 88, 2, 54,
88: 87, 89, 25, 54,
89: 88, 90, 7,
90: 89, 91, 25, 54,
91: 90, 92, 50, 58, 51, 83,
92: 91, 93, 39, 40,
93: 92, 94, 42, 76,
94: 93, 95, 38, 63,
95: 94, 96, 19,
96: 95, 97, 25, 48, 73,
97: 96, 98, 51, 83,
98: 97, 99, 18,
99: 98, 72, 51, 13,
