100
0: 1, 92, 3,
1: 0, 2, 32, 79, 12,
2: 1, 3,
3: 2, 4, 90, 0, 59, 88,
4: 3, 5,
5: 4, 6, 50, 13,
6: 5, 7,
7: 6, 8, 30, 43,
8: 7, 9, 90, 70, 53,
9: 8, 10, 25, 15,
10: 9, 11, 76, 39, 89, 45, 88,
11: 10, 12, 52, 28, 51, 30, 46, 60,
12: 11, 13, 66, 1, 61, 36,
13: 12, 14, 5, 54, 71,
14: 13, 15, 73, 21,
15: 14, 16, 42, 9,
16: 15, 17, 54, 82, 27, 40,
17: 16, 18, 73, 34,
18: 17, 19, 85, 51, 84, 20, 40,
19: 18, 20, 48, 99, 29, 69, 23, 36, 60,
20: 19, 21, 18,
21: 20, 22, 14, 92,
22: 21, 23, 65, 83, 37, 66, 75,
23: 22, 24, 19, 56,
24: 23, 25, 80,
25: 24, 26, 9, 38, 32,
26: 25, 27, 87, 96, 53, 75,
27: 26, 28, 16, 55, 44,
28: 27, 29, 11, 53, 98,
29: 28, 30, 19, 68, 60,
30: 29, 31, 7, 11, 55,
31: 30, 32, 94, 58, 78, 72,
32: 31, 33, 1, 25, 98,
33: 32, 34, 94, 52,
34: 33, 35, 17, 60,
35: 34, 36, 49, 64, 41,
36: 35, 37, 12, 19, 41,
37: 36, 38, 22,
38: 37, 39, 25,
39: 38, 40, 10,
40: 39, 41, 97, 16, 63, 18, 62, 64,
41: 40, 42, 57, 36, 82, 35,
42: 41, 43, 15, 56, 77,
43: 42, 44, 7, 53,
44: 43, 45, 27, 86, 76,
45: 44, 46, 10, 53,
46: 45, 47, 11, 75,
47: 46, 48, 91, 72,
48: 47, 49, 19,
49: 48, 50, 35,
50: 49, 51, 5, 74, 81,
51: 50, 52, 11, 18,
52: 51, 53, 11, 33, 95,
53: 52, 54, 28, 45, 93, 43, 8, 26,
54: 53, 55, 13, 16,
55: 54, 56, 27, 30,
56: 55, 57, 42, 63, 23,
57: 56, 58, 41,
58: 57, 59, 31,
59: 58, 60, 3, 62,
60: 59, 61, 11, 67, 19, 91, 29, 34,
61: 60, 62, 12,
62: 61, 63, 59, 40,
63: 62, 64, 40, 56,
64: 63, 65, 35, 40, 75,
65: 64, 66, 22,
66: 65, 67, 12, 22,
67: 66, 68, 60,
68: 67, 69, 29,
69: 68, 70, 19,
70: 69, 71, 8,
71: 70, 72, 13,
72: 71, 73, 31, 47, 96,
73: 72, 74, 14, 17,
74: 73, 75, 50,
75: 74, 76, 26, 77, 46, 22, 64,
76: 75, 77, 10, 44,
77: 76, 78, 75, 42,
78: 77, 79, 31,
79: 78, 80, 1,
80: 79, 81, 24,
81: 80, 82, 50,
82: 81, 83, 16, 41,
83: 82, 84, 22,
84: 83, 85, 18,
85: 84, 86, 18,
86: 85, 87, 44,
87: 86, 88, 26,
88: 87, 89, 3, 10,
89: 88, 90, 10,
90: 89, 91, 3, 8,
91: 90, 92, 47, 60, 96,
92: 91, 93, 0, 21,
93: 92, 94, 53,
94: 93, 95, 31, 33,
95: 94, 96, 52,
96: 95, 97, 26, 72, 91,
97: 96, 98, 40,
98: 97, 99, 28, 32,
99: 98, 19,
