100
0: 1, 26, 63,
1: 0, 2, 71, 89, 20, 78, 41,
2: 1, 3,
3: 2, 4, 16,
4: 3, 5, 97, 49,
5: 4, 6, 16,
6: 5, 7,
7: 6, 8, 53, 9,
8: 7, 9, 52, 73,
9: 8, 10, 43, 7, 75, 15,
10: 9, 11, 18, 90, 94, 77, 33,
11: 10, 12, 80, 27,
12: 11, 13, 19, 32,
13: 12, 14, 47,
14: 13, 15, 30, 37,
15: 14, 16, 19, 45, 9, 97, 44, 85, 40, 33, 35, 38, 0, 0, 65, 0, 13, 15, 30, 37,
16: 15, 17, 3, 5,
17: 16, 18, 68, 61, 76, 60, 65, 91, 64, 74,
18: 17, 19, 10, 63, 67, 86,
19: 18, 20, 12, 15,
20: 19, 21, 1,
21: 20, 22, 25, 79,
22: 21, 23, 56, 66,
23: 22, 24, 70, 90,
24: 23, 25, 29,
25: 24, 26, 21, 63, 50,
26: 25, 27, 0, 73, 31,
27: 26, 28, 63, 49, 11, 53, 50,
28: 27, 29, 68, 48,
29: 28, 30, 24,
30: 29, 31, 14,
31: 30, 32, 34, 26, 80, 38, 41, 51,
32: 31, 33, 12, 74, 63, 64,
33: 32, 34, 10, 15, 75, 87,
34: 33, 35, 31, 93, 46,
35: 34, 36, 15, 60,
36: 35, 37, 49, 72,
37: 36, 38, 57, 68, 14, 83,
38: 37, 39, 92, 31, 15, 72, 86,
39: 38, 40, 41, 42,
40: 39, 41, 15,
41: 40, 42, 39, 31, 84, 1,
42: 41, 43, 39, 46,
43: 42, 44, 9,
44: 43, 45, 15,
45: 44, 46, 15,
46: 45, 47, 79, 34, 42,
47: 46, 48, 13, 69, 83, 73,
48: 47, 49, 28,
49: 48, 50, 4, 27, 36, 64, 60,
50: 49, 51, 79, 25, 27, 63, 57, 84, 94, 72, 80,
51: 50, 52, 31, 75,
52: 51, 53, 8,
53: 52, 54, 7, 27,
54: 53, 55, 59, 99,
55: 54, 56, 95, 73,
56: 55, 57, 22,
57: 56, 58, 37, 50, 62, 72,
58: 57, 59, 97, 81,
59: 58, 60, 54,
60: 59, 61, 17, 49, 83, 73, 35, 81, 78, 92,
61: 60, 62, 17,
62: 61, 63, 57,
63: 62, 64, 18, 25, 27, 32, 50, 84, 0, 72,
64: 63, 65, 49, 90, 17, 32, 82, 83, 75,
65: 64, 66, 17,
66: 65, 67, 22,
67: 66, 68, 18,
68: 67, 69, 17, 28, 37,
69: 68, 70, 47, 81,
70: 69, 71, 23,
71: 70, 72, 1,
72: 71, 73, 36, 50, 57, 63, 38, 96,
73: 72, 74, 8, 26, 47, 60, 55, 80, 86,
74: 73, 75, 32, 17, 90,
75: 74, 76, 9, 33, 64, 51, 87,
76: 75, 77, 17, 88,
77: 76, 78, 10,
78: 77, 79, 1, 60,
79: 78, 80, 46, 50, 21, 82,
80: 79, 81, 11, 31, 50, 73, 98,
81: 80, 82, 60, 69, 58,
82: 81, 83, 64, 79, 86,
83: 82, 84, 47, 60, 64, 95, 37,
84: 83, 85, 41, 50, 63,
85: 84, 86, 15,
86: 85, 87, 82, 38, 18, 73,
87: 86, 88, 33, 90, 75,
88: 87, 89, 76,
89: 88, 90, 1,
90: 89, 91, 10, 64, 87, 74, 23,
91: 90, 92, 17,
92: 91, 93, 38, 60,
93: 92, 94, 34,
94: 93, 95, 10, 50,
95: 94, 96, 55, 83,
96: 95, 97, 72,
97: 96, 98, 4, 15, 58,
98: 97, 99, 80,
99: 98, 54,
