100
0: 1, 66, 82, 33, 71,
1: 0, 2, 78, 48, 99, 91, 29, 20,
2: 1, 3, 86, 27, 48, 32, 92, 14, 46,
3: 2, 4,
4: 3, 5, 55,
5: 4, 6, 24, 58,
6: 5, 7, 41,
7: 6, 8,
8: 7, 9,
9: 8, 10, 49, 88, 16, 34,
10: 9, 11, 66, 49,
11: 10, 12, 81, 89,
12: 11, 13, 42, 23, 70, 74, 37, 49, 97,
13: 12, 14, 43, 51,
14: 13, 15, 2, 95, 79, 16, 28,
15: 14, 16, 68, 72,
16: 15, 17, 9, 14, 45,
17: 16, 18, 55, 65,
18: 17, 19, 26, 44,
19: 18, 20, 54, 32,
20: 19, 21, 1, 41,
21: 20, 22, 84, 79,
22: 21, 23, 38,
23: 22, 24, 12,
24: 23, 25, 5, 69,
25: 24, 26, 31, 87,
26: 25, 27, 18,
27: 26, 28, 2, 36, 42,
28: 27, 29, 14, 35, 61, 37, 51,
29: 28, 30, 1,
30: 29, 31, 47, 95,
31: 30, 32, 25, 37,
32: 31, 33, 2, 19, 90,
33: 32, 34, 0,
34: 33, 35, 40, 9, 75,
35: 34, 36, 28,
36: 35, 37, 27, 39,
37: 36, 38, 28, 31, 12, 90,
38: 37, 39, 22,
39: 38, 40, 36, 53, 72,
40: 39, 41, 34,
41: 40, 42, 6, 20,
42: 41, 43, 12, 27,
43: 42, 44, 13,
44: 43, 45, 18, 51, 57, 98,
45: 44, 46, 77, 16, 83, 87, 96,
46: 45, 47, 2,
47: 46, 48, 30,
48: 47, 49, 1, 2, 94, 96,
49: 48, 50, 9, 10, 58, 64, 67, 73, 80, 12, 93,
50: 49, 51, 52, 71,
51: 50, 52, 44, 13, 63, 28,
52: 51, 53, 50, 84, 60,
53: 52, 54, 39,
54: 53, 55, 19, 57,
55: 54, 56, 4, 17,
56: 55, 57, 60, 85, 78,
57: 56, 58, 54, 44, 68, 87, 62, 70,
58: 57, 59, 5, 49, 72, 95,
59: 58, 60, 84, 76,
60: 59, 61, 52, 56,
61: 60, 62, 28,
62: 61, 63, 57,
63: 62, 64, 51,
64: 63, 65, 49,
65: 64, 66, 17, 71,
66: 65, 67, 0, 10,
67: 66, 68, 49,
68: 67, 69, 15, 57,
69: 68, 70, 24,
70: 69, 71, 12, 57,
71: 70, 72, 65, 0, 50,
72: 71, 73, 58, 15, 39, 95,
73: 72, 74, 49,
74: 73, 75, 12,
75: 74, 76, 34,
76: 75, 77, 59,
77: 76, 78, 45,
78: 77, 79, 1, 56, 93,
79: 78, 80, 14, 21, 90,
80: 79, 81, 49,
81: 80, 82, 11,
82: 81, 83, 0,
83: 82, 84, 45,
84: 83, 85, 21, 52, 59,
85: 84, 86, 56,
86: 85, 87, 2,
87: 86, 88, 57, 25, 45,
88: 87, 89, 9,
89: 88, 90, 11,
90: 89, 91, 32, 37, 79,
91: 90, 92, 1,
92: 91, 93, 2,
93: 92, 94, 78, 99, 49,
94: 93, 95, 48,
95: 94, 96, 14, 72, 58, 97, 30,
96: 95, 97, 48, 45,
97: 96, 98, 95, 12,
98: 97, 99, 44,
99: 98, 1, 93,
