100
0: 1, 21, 30, 7, 70, 66,
1: 0, 2, 55, 26,
2: 1, 3, 67, 51, 88, 24, 92,
3: 2, 4,
4: 3, 5, 34,
5: 4, 6,
6: 5, 7, 91,
7: 6, 8, 0,
8: 7, 9, 82, 97, 35, 42, 91, 75,
9: 8, 10, 39, 85, 14, 57,
10: 9, 11, 30, 20,
11: 10, 12, 92, 40,
12: 11, 13, 63, 21, 51,
13: 12, 14, 53, 69, 46, 16, 17, 92,
14: 13, 15, 9, 28, 21, 66,
15: 14, 16, 66, 63,
16: 15, 17, 72, 13,
17: 16, 18, 88, 13, 33, 44,
18: 17, 19, 52, 37,
19: 18, 20, 65, 56, 82, 92,
20: 19, 21, 98, 24, 61, 74, 78, 40, 94, 10, 31, 51, 0, 0, 65, 0, 18, 20, 65, 56, 82, 92,
21: 20, 22, 0, 12, 14, 87, 76, 44, 82,
22: 21, 23, 32, 71, 44, 89,
23: 22, 24, 96, 25,
24: 23, 25, 20, 2, 39,
25: 24, 26, 23, 70, 47, 52, 28, 43, 66,
26: 25, 27, 1, 42,
27: 26, 28, 49, 77,
28: 27, 29, 14, 35, 25, 66, 89,
29: 28, 30, 57, 98, 45, 59,
30: 29, 31, 0, 10,
31: 30, 32, 20,
32: 31, 33, 22, 90, 41,
33: 32, 34, 17,
34: 33, 35, 4,
35: 34, 36, 8, 28,
36: 35, 37, 82, 92,
37: 36, 38, 67, 18, 79,
38: 37, 39, 52, 46,
39: 38, 40, 9, 24, 73,
40: 39, 41, 11, 20, 80, 89,
41: 40, 42, 32, 52, 45, 64, 71, 83,
42: 41, 43, 8, 26, 71,
43: 42, 44, 25, 85,
44: 43, 45, 21, 48, 58, 17, 22, 66, 88, 57, 54, 79, 0, 0, 65, 0, 42, 44, 25, 85,
45: 44, 46, 41, 29, 77,
46: 45, 47, 13, 38, 58,
47: 46, 48, 25,
48: 47, 49, 44,
49: 48, 50, 27, 91, 90, 71,
50: 49, 51, 89, 68, 66, 73,
51: 50, 52, 2, 12, 20,
52: 51, 53, 18, 25, 38, 41,
53: 52, 54, 13,
54: 53, 55, 44,
55: 54, 56, 1,
56: 55, 57, 19, 71,
57: 56, 58, 29, 44, 62, 95, 9, 88,
58: 57, 59, 44, 46, 88, 75, 78, 85,
59: 58, 60, 29, 71,
60: 59, 61, 92, 71,
61: 60, 62, 20,
62: 61, 63, 57,
63: 62, 64, 12, 15, 75,
64: 63, 65, 41,
65: 64, 66, 19, 71, 81,
66: 65, 67, 15, 28, 44, 14, 84, 0, 25, 75, 50, 92, 0, 0, 65, 0, 64, 66, 19, 71, 81,
67: 66, 68, 2, 37,
68: 67, 69, 50, 83, 85,
69: 68, 70, 13,
70: 69, 71, 0, 25,
71: 70, 72, 22, 56, 59, 60, 73, 42, 41, 49, 66,
72: 71, 73, 16,
73: 72, 74, 71, 39, 50, 98,
74: 73, 75, 20,
75: 74, 76, 58, 66, 63, 8, 79,
76: 75, 77, 21,
77: 76, 78, 27, 45, 88,
78: 77, 79, 20, 58, 83,
79: 78, 80, 75, 44, 37, 93, 82, 99,
80: 79, 81, 40,
81: 80, 82, 66,
82: 81, 83, 8, 36, 98, 20, 79, 21, 86,
83: 82, 84, 68, 78, 41, 92,
84: 83, 85, 66,
85: 84, 86, 9, 58, 68, 44,
86: 85, 87, 82, 99,
87: 86, 88, 21,
88: 87, 89, 2, 17, 44, 58, 57, 77,
89: 88, 90, 28, 50, 22, 40,
90: 89, 91, 32, 49,
91: 90, 92, 6, 8, 49,
92: 91, 93, 11, 60, 66, 83, 2, 36, 13, 20,
93: 92, 94, 79,
94: 93, 95, 20,
95: 94, 96, 57,
96: 95, 97, 23,
97: 96, 98, 8,
98: 97, 99, 20, 29, 82, 73,
99: 98, 86, 79,
