100
0: 1, 21, 86,
1: 0, 2, 82, 42, 97, 5, 39, 49,
2: 1, 3,
3: 2, 4, 27, 65, 44,
4: 3, 5, 73, 62,
5: 4, 6, 1,
6: 5, 7,
7: 6, 8, 40,
8: 7, 9, 11, 85, 87, 50,
9: 8, 10, 84, 14,
10: 9, 11, 24, 37,
11: 10, 12, 8,
12: 11, 13, 58,
13: 12, 14, 89, 86, 16, 43, 70, 15, 49, 87,
14: 13, 15, 9, 62,
15: 14, 16, 67, 32, 13, 89,
16: 15, 17, 13,
17: 16, 18, 94, 46,
18: 17, 19, 33, 54, 55, 36, 25, 35, 68,
19: 18, 20, 22, 75, 30, 99, 57, 31, 35,
20: 19, 21, 61, 29, 48, 50,
21: 20, 22, 0,
22: 21, 23, 19, 54, 28,
23: 22, 24, 35, 42,
24: 23, 25, 10, 38, 72,
25: 24, 26, 18, 63, 55,
26: 25, 27, 45, 76, 41, 59,
27: 26, 28, 3,
28: 27, 29, 22, 39, 49, 67,
29: 28, 30, 20, 91,
30: 29, 31, 19, 51, 73,
31: 30, 32, 41, 71, 19, 57,
32: 31, 33, 15,
33: 32, 34, 18,
34: 33, 35, 53, 59,
35: 34, 36, 23, 18, 19, 81, 86,
36: 35, 37, 18,
37: 36, 38, 10, 55,
38: 37, 39, 24,
39: 38, 40, 28, 1, 49,
40: 39, 41, 7,
41: 40, 42, 31, 26, 51,
42: 41, 43, 1, 23, 52, 86,
43: 42, 44, 13, 52, 49,
44: 43, 45, 3,
45: 44, 46, 26, 83, 59,
46: 45, 47, 17, 77, 60, 66,
47: 46, 48, 96, 55,
48: 47, 49, 20,
49: 48, 50, 1, 39, 28, 13, 43, 64,
50: 49, 51, 80, 20, 8, 69, 85,
51: 50, 52, 30, 41,
52: 51, 53, 42, 43,
53: 52, 54, 34, 56, 55,
54: 53, 55, 18, 22,
55: 54, 56, 18, 47, 53, 37, 25, 83,
56: 55, 57, 53,
57: 56, 58, 19, 86, 31, 88, 64,
58: 57, 59, 12,
59: 58, 60, 26, 45, 34, 79,
60: 59, 61, 46, 81,
61: 60, 62, 20,
62: 61, 63, 4, 14,
63: 62, 64, 25,
64: 63, 65, 78, 49, 57,
65: 64, 66, 3,
66: 65, 67, 68, 46, 98,
67: 66, 68, 15, 28, 84,
68: 67, 69, 66, 90, 18,
69: 68, 70, 50,
70: 69, 71, 13,
71: 70, 72, 31,
72: 71, 73, 24, 95,
73: 72, 74, 4, 30,
74: 73, 75, 86,
75: 74, 76, 19,
76: 75, 77, 26,
77: 76, 78, 46,
78: 77, 79, 64,
79: 78, 80, 59,
80: 79, 81, 50,
81: 80, 82, 35, 60,
82: 81, 83, 1,
83: 82, 84, 45, 55,
84: 83, 85, 9, 67,
85: 84, 86, 8, 50,
86: 85, 87, 13, 35, 57, 74, 92, 0, 42, 93,
87: 86, 88, 8, 13,
88: 87, 89, 57,
89: 88, 90, 13, 15,
90: 89, 91, 68,
91: 90, 92, 29,
92: 91, 93, 86,
93: 92, 94, 86,
94: 93, 95, 17,
95: 94, 96, 72,
96: 95, 97, 47,
97: 96, 98, 1,
98: 97, 99, 66,
99: 98, 19,
