100
0: 1, 24, 77, 7, 17,
1: 0, 2, 5, 23,
2: 1, 3, 79, 35, 76,
3: 2, 4,
4: 3, 5,
5: 4, 6, 1, 17, 21,
6: 5, 7, 34, 42, 73,
7: 6, 8, 45, 0,
8: 7, 9, 88, 82,
9: 8, 10, 28, 95, 66, 32,
10: 9, 11, 40, 49,
11: 10, 12, 98, 31, 70, 26, 68, 78,
12: 11, 13, 61, 45, 90,
13: 12, 14, 58, 68, 77, 84,
14: 13, 15, 81, 44, 77, 84,
15: 14, 16, 88, 22,
16: 15, 17, 93, 30,
17: 16, 18, 5, 0, 27,
18: 17, 19, 97, 25, 40,
19: 18, 20, 84, 83, 52, 89,
20: 19, 21, 73,
21: 20, 22, 5,
22: 21, 23, 39, 64, 15, 71, 92, 52, 55, 76,
23: 22, 24, 43, 26, 1, 55, 25, 78,
24: 23, 25, 0,
25: 24, 26, 18, 54, 23, 41, 98,
26: 25, 27, 23, 51, 11, 47, 98,
27: 26, 28, 17, 68,
28: 27, 29, 9, 72, 32,
29: 28, 30, 60, 99, 46,
30: 29, 31, 16, 75,
31: 30, 32, 11, 78, 67,
32: 31, 33, 28, 89, 9, 50, 78,
33: 32, 34, 78, 60,
34: 33, 35, 6,
35: 34, 36, 2,
36: 35, 37, 91,
37: 36, 38, 55,
38: 37, 39, 94, 72,
39: 38, 40, 22,
40: 39, 41, 10, 18,
41: 40, 42, 25, 66, 43, 57,
42: 41, 43, 6,
43: 42, 44, 23, 41, 74,
44: 43, 45, 14,
45: 44, 46, 7, 12,
46: 45, 47, 62, 29, 78,
47: 46, 48, 26,
48: 47, 49, 65, 69,
49: 48, 50, 10, 78,
50: 49, 51, 32, 68,
51: 50, 52, 26,
52: 51, 53, 22, 19,
53: 52, 54, 55, 68,
54: 53, 55, 25, 65,
55: 54, 56, 23, 37, 53, 22,
56: 55, 57, 97, 77,
57: 56, 58, 41,
58: 57, 59, 13,
59: 58, 60, 69, 72,
60: 59, 61, 29, 33, 83,
61: 60, 62, 12,
62: 61, 63, 46,
63: 62, 64, 97,
64: 63, 65, 22,
65: 64, 66, 48, 54,
66: 65, 67, 9, 41,
67: 66, 68, 31, 98,
68: 67, 69, 13, 27, 53, 11, 50, 80, 98,
69: 68, 70, 59, 48,
70: 69, 71, 11,
71: 70, 72, 22,
72: 71, 73, 28, 38, 59,
73: 72, 74, 6, 20,
74: 73, 75, 43,
75: 74, 76, 95, 30,
76: 75, 77, 2, 22, 81, 80,
77: 76, 78, 0, 56, 13, 95, 14, 80,
78: 77, 79, 31, 33, 85, 11, 23, 46, 32, 49, 80, 84, 0, 0, 65, 0, 78, 80, 2,
79: 78, 80, 2,
80: 79, 81, 76, 68, 78, 87, 77,
81: 80, 82, 14, 76,
82: 81, 83, 8,
83: 82, 84, 19, 60, 86,
84: 83, 85, 19, 78, 13, 14,
85: 84, 86, 78,
86: 85, 87, 83,
87: 86, 88, 80,
88: 87, 89, 8, 15,
89: 88, 90, 32, 19, 94,
90: 89, 91, 12,
91: 90, 92, 36, 96,
92: 91, 93, 22,
93: 92, 94, 16,
94: 93, 95, 38, 89,
95: 94, 96, 9, 75, 77,
96: 95, 97, 91,
97: 96, 98, 18, 56, 63,
98: 97, 99, 11, 26, 68, 25, 67,
99: 98, 29,
