100
0: 1, 51, 31, 32, 57,
1: 0, 2, 35, 9, 15, 63,
2: 1, 3, 18, 82,
3: 2, 4,
4: 3, 5,
5: 4, 6, 85,
6: 5, 7, 49, 60, 9,
7: 6, 8, 26, 16,
8: 7, 9, 38, 97,
9: 8, 10, 1, 6, 71, 34, 74, 11, 28, 60, 88,
10: 9, 11, 77, 15, 54, 89, 34,
11: 10, 12, 9, 60, 37,
12: 11, 13, 43, 32,
13: 12, 14, 41, 17,
14: 13, 15, 81,
15: 14, 16, 10, 1, 17,
16: 15, 17, 7, 50, 64,
17: 16, 18, 15, 13, 25, 92, 98, 20, 63,
18: 17, 19, 2, 27, 20,
19: 18, 20, 97, 38, 95, 78, 47, 66, 50,
20: 19, 21, 17, 18, 44,
21: 20, 22, 24, 30,
22: 21, 23, 79, 44,
23: 22, 24, 90, 25, 48, 81, 73,
24: 23, 25, 21,
25: 24, 26, 17, 23,
26: 25, 27, 7,
27: 26, 28, 18, 36, 86, 83, 66, 91,
28: 27, 29, 99, 79, 46, 9,
29: 28, 30, 52, 66,
30: 29, 31, 21, 34,
31: 30, 32, 0, 39, 84,
32: 31, 33, 12, 0, 63,
33: 32, 34, 93,
34: 33, 35, 9, 61, 10, 30, 55, 65, 90,
35: 34, 36, 1,
36: 35, 37, 27,
37: 36, 38, 40, 11, 62,
38: 37, 39, 8, 19, 56, 96,
39: 38, 40, 31,
40: 39, 41, 37, 66,
41: 40, 42, 13, 49, 92,
42: 41, 43, 71, 57,
43: 42, 44, 12, 76, 85,
44: 43, 45, 60, 20, 22, 70, 93,
45: 44, 46, 73, 58, 63,
46: 45, 47, 28,
47: 46, 48, 19,
48: 47, 49, 23,
49: 48, 50, 6, 41,
50: 49, 51, 16, 19, 75,
51: 50, 52, 0,
52: 51, 53, 29, 60, 78,
53: 52, 54, 68, 66,
54: 53, 55, 10,
55: 54, 56, 34, 85,
56: 55, 57, 38, 72, 64,
57: 56, 58, 42, 59, 63, 0, 71,
58: 57, 59, 45,
59: 58, 60, 57, 93,
60: 59, 61, 6, 11, 44, 52, 9, 66, 94, 88, 69, 62, 0, 0, 65, 0, 58, 60, 57, 93,
61: 60, 62, 34,
62: 61, 63, 37, 60,
63: 62, 64, 57, 32, 87, 45, 17, 1,
64: 63, 65, 96, 56, 16,
65: 64, 66, 87, 34,
66: 65, 67, 19, 27, 40, 53, 60, 29,
67: 66, 68, 97, 94,
68: 67, 69, 53,
69: 68, 70, 60,
70: 69, 71, 44, 93,
71: 70, 72, 9, 42, 84, 57,
72: 71, 73, 56,
73: 72, 74, 45, 23, 80,
74: 73, 75, 9,
75: 74, 76, 50,
76: 75, 77, 43,
77: 76, 78, 10,
78: 77, 79, 19, 52, 96,
79: 78, 80, 22, 28,
80: 79, 81, 73,
81: 80, 82, 14, 23,
82: 81, 83, 2,
83: 82, 84, 27,
84: 83, 85, 71, 31,
85: 84, 86, 5, 43, 55,
86: 85, 87, 27,
87: 86, 88, 63, 65,
88: 87, 89, 60, 9, 98,
89: 88, 90, 10,
90: 89, 91, 23, 34,
91: 90, 92, 27,
92: 91, 93, 17, 41,
93: 92, 94, 33, 70, 44, 60,
94: 93, 95, 60, 67,
95: 94, 96, 19,
96: 95, 97, 64, 78, 38,
97: 96, 98, 8, 19, 67,
98: 97, 99, 17, 88,
99: 98, 28,
