100
0: 1, 24, 64, 25, 9, 27, 47,
1: 0, 2, 94, 30, 36, 55,
2: 1, 3, 45, 28,
3: 2, 4,
4: 3, 5,
5: 4, 6, 32, 36,
6: 5, 7, 86, 38,
7: 6, 8, 56, 18, 87, 81, 52, 97,
8: 7, 9,
9: 8, 10, 44, 0, 31,
10: 9, 11, 30, 35, 60, 17, 22, 39,
11: 10, 12, 49, 21,
12: 11, 13, 73, 39,
13: 12, 14, 71, 33, 48, 51,
14: 13, 15, 98, 29,
15: 14, 16, 80, 70, 36, 79,
16: 15, 17, 48, 24,
17: 16, 18, 34, 10, 62, 79,
18: 17, 19, 7,
19: 18, 20, 58, 39,
20: 19, 21, 85, 36,
21: 20, 22, 11, 56, 82, 47, 53, 69,
22: 21, 23, 10, 26,
23: 22, 24, 98, 28,
24: 23, 25, 0, 16, 75, 39, 42,
25: 24, 26, 0,
26: 25, 27, 22, 43, 29, 66, 72, 84,
27: 26, 28, 0, 63, 59, 90,
28: 27, 29, 37, 23, 2, 93, 99,
29: 28, 30, 26, 61, 59, 42, 14, 41, 62, 83, 90,
30: 29, 31, 1, 10,
31: 30, 32, 9, 68, 76, 93,
32: 31, 33, 5,
33: 32, 34, 13, 68, 36,
34: 33, 35, 17,
35: 34, 36, 10,
36: 35, 37, 5, 33, 1, 80, 20, 15, 88, 47, 62,
37: 36, 38, 28,
38: 37, 39, 6, 48, 67, 47, 65, 79,
39: 38, 40, 65, 91, 10, 19, 24, 12, 47, 76,
40: 39, 41, 71, 42,
41: 40, 42, 29, 46,
42: 41, 43, 29, 58, 54, 90, 24, 74, 40, 78, 62, 99, 0, 0, 65, 0, 40, 42, 29, 46,
43: 42, 44, 26,
44: 43, 45, 9,
45: 44, 46, 2,
46: 45, 47, 41, 85,
47: 46, 48, 84, 39, 36, 38, 21, 0,
48: 47, 49, 16, 38, 13, 62,
49: 48, 50, 11,
50: 49, 51, 94, 95, 55, 59, 79, 87, 88,
51: 50, 52, 62, 96, 13, 55,
52: 51, 53, 7,
53: 52, 54, 21, 77,
54: 53, 55, 42,
55: 54, 56, 50, 51, 1, 79, 90,
56: 55, 57, 7, 21,
57: 56, 58, 92, 81,
58: 57, 59, 19, 42,
59: 58, 60, 29, 50, 27,
60: 59, 61, 10, 71,
61: 60, 62, 29,
62: 61, 63, 51, 36, 69, 89, 29, 48, 17, 42, 81,
63: 62, 64, 27,
64: 63, 65, 0,
65: 64, 66, 39, 38,
66: 65, 67, 26, 72,
67: 66, 68, 38,
68: 67, 69, 31, 33,
69: 68, 70, 62, 21,
70: 69, 71, 15,
71: 70, 72, 13, 40, 60,
72: 71, 73, 26, 66,
73: 72, 74, 12,
74: 73, 75, 42,
75: 74, 76, 24,
76: 75, 77, 31, 39,
77: 76, 78, 53,
78: 77, 79, 42,
79: 78, 80, 50, 17, 38, 55, 15, 83,
80: 79, 81, 15, 36,
81: 80, 82, 7, 62, 57,
82: 81, 83, 21,
83: 82, 84, 29, 79, 90,
84: 83, 85, 47, 26, 93,
85: 84, 86, 20, 46,
86: 85, 87, 6,
87: 86, 88, 7, 50,
88: 87, 89, 36, 50,
89: 88, 90, 62,
90: 89, 91, 42, 27, 55, 29, 83,
91: 90, 92, 39,
92: 91, 93, 57,
93: 92, 94, 84, 28, 31, 99,
94: 93, 95, 1, 50,
95: 94, 96, 50,
96: 95, 97, 51,
97: 96, 98, 7,
98: 97, 99, 14, 23,
99: 98, 93, 28, 42,
