100
0: 1, 91, 33, 34,
1: 0, 2, 18, 8, 5, 71,
2: 1, 3, 7, 73,
3: 2, 4,
4: 3, 5,
5: 4, 6, 75, 27, 1,
6: 5, 7, 53,
7: 6, 8, 2, 36, 95, 29, 69,
8: 7, 9, 1, 45, 82, 51, 85,
9: 8, 10, 19, 50,
10: 9, 11, 37, 77,
11: 10, 12, 38, 23, 37, 87,
12: 11, 13, 73, 24, 22, 30,
13: 12, 14, 52, 55, 79, 95,
14: 13, 15, 35, 40, 27, 85, 45, 86, 88,
15: 14, 16, 64, 29,
16: 15, 17, 62, 24,
17: 16, 18, 62, 21, 26, 20, 78,
18: 17, 19, 1,
19: 18, 20, 9, 47,
20: 19, 21, 51, 17, 69, 71,
21: 20, 22, 17,
22: 21, 23, 12, 89,
23: 22, 24, 11,
24: 23, 25, 12, 16, 56,
25: 24, 26, 90,
26: 25, 27, 17, 97, 51,
27: 26, 28, 5, 14,
28: 27, 29, 76, 63, 81, 71, 79,
29: 28, 30, 7, 15, 76,
30: 29, 31, 57, 12, 42, 93,
31: 30, 32, 92, 39,
32: 31, 33, 44, 70, 55, 65,
33: 32, 34, 0, 78, 86,
34: 33, 35, 0, 67, 69,
35: 34, 36, 14,
36: 35, 37, 7, 74,
37: 36, 38, 10, 11, 42,
38: 37, 39, 11, 54,
39: 38, 40, 87, 31, 80, 68, 69,
40: 39, 41, 14, 98, 64, 68, 43, 71, 79,
41: 40, 42, 89, 87,
42: 41, 43, 37, 68, 58, 30, 79,
43: 42, 44, 40, 69,
44: 43, 45, 32, 84, 95,
45: 44, 46, 8, 14, 60,
46: 45, 47, 96, 48,
47: 46, 48, 19,
48: 47, 49, 64, 46, 60,
49: 48, 50, 83, 67, 82, 65, 85,
50: 49, 51, 9,
51: 50, 52, 20, 26, 8, 79, 87,
52: 51, 53, 13,
53: 52, 54, 6,
54: 53, 55, 38, 72, 59,
55: 54, 56, 13, 32, 74,
56: 55, 57, 24,
57: 56, 58, 30,
58: 57, 59, 42,
59: 58, 60, 54,
60: 59, 61, 48, 45,
61: 60, 62, 94, 70,
62: 61, 63, 16, 17,
63: 62, 64, 28,
64: 63, 65, 15, 40, 48,
65: 64, 66, 49, 32, 74,
66: 65, 67, 87, 79,
67: 66, 68, 34, 49,
68: 67, 69, 39, 40, 42,
69: 68, 70, 39, 43, 7, 20, 34,
70: 69, 71, 32, 61,
71: 70, 72, 40, 20, 28, 1, 90,
72: 71, 73, 54,
73: 72, 74, 12, 2, 95,
74: 73, 75, 36, 55, 65,
75: 74, 76, 5,
76: 75, 77, 28, 29,
77: 76, 78, 10, 89,
78: 77, 79, 33, 17,
79: 78, 80, 28, 66, 42, 87, 13, 40, 51, 95,
80: 79, 81, 39,
81: 80, 82, 28, 87,
82: 81, 83, 8, 49,
83: 82, 84, 49,
84: 83, 85, 44,
85: 84, 86, 14, 99, 88, 8, 49,
86: 85, 87, 33, 14,
87: 86, 88, 39, 66, 79, 81, 51, 41, 11,
88: 87, 89, 85, 14,
89: 88, 90, 41, 77, 22,
90: 89, 91, 25, 71,
91: 90, 92, 0,
92: 91, 93, 31,
93: 92, 94, 30,
94: 93, 95, 61,
95: 94, 96, 7, 13, 79, 73, 44,
96: 95, 97, 46,
97: 96, 98, 26,
98: 97, 99, 40,
99: 98, 85,
