100
0: 1, 42, 93,
1: 0, 2, 11, 99,
2: 1, 3,
3: 2, 4,
4: 3, 5, 60, 52,
5: 4, 6, 44,
6: 5, 7, 62, 87, 16,
7: 6, 8, 19, 71, 95, 11,
8: 7, 9, 99,
9: 8, 10, 79, 40,
10: 9, 11, 73, 59,
11: 10, 12, 1, 7, 82,
12: 11, 13, 54, 36, 77,
13: 12, 14, 52, 35, 41, 30, 86, 39, 76,
14: 13, 15, 89, 56, 27, 33,
15: 14, 16, 28, 88, 35,
16: 15, 17, 48, 25, 57, 6, 32, 61, 93, 22, 46, 54, 0, 0, 65, 0, 16, 18, 68, 21,
17: 16, 18, 68, 21,
18: 17, 19, 47, 27, 35, 38,
19: 18, 20, 7,
20: 19, 21, 63, 66, 31, 99,
21: 20, 22, 44, 17, 67, 37, 54,
22: 21, 23, 16, 34,
23: 22, 24, 84,
24: 23, 25, 32, 31,
25: 24, 26, 16,
26: 25, 27, 80, 41, 96, 81, 88, 45, 83, 85,
27: 26, 28, 14, 18,
28: 27, 29, 15, 50, 99,
29: 28, 30, 45, 47,
30: 29, 31, 13,
31: 30, 32, 20, 55, 24, 35, 53, 54,
32: 31, 33, 16, 24,
33: 32, 34, 68, 14, 92,
34: 33, 35, 22, 77, 94, 44, 56,
35: 34, 36, 13, 18, 31, 67, 15, 94, 44, 57,
36: 35, 37, 12, 83,
37: 36, 38, 64, 21, 81, 82,
38: 37, 39, 18,
39: 38, 40, 13,
40: 39, 41, 9,
41: 40, 42, 13, 26, 70,
42: 41, 43, 0,
43: 42, 44, 91, 65,
44: 43, 45, 5, 21, 35, 34, 93,
45: 44, 46, 29, 26, 48, 99,
46: 45, 47, 59, 16, 75, 93,
47: 46, 48, 18, 29, 74,
48: 47, 49, 16, 45, 78, 76,
49: 48, 50, 95, 91,
50: 49, 51, 28, 73, 67,
51: 50, 52, 97, 61,
52: 51, 53, 4, 13,
53: 52, 54, 31, 85, 93,
54: 53, 55, 12, 16, 31, 21,
55: 54, 56, 31,
56: 55, 57, 14, 34, 96,
57: 56, 58, 16, 35,
58: 57, 59, 74,
59: 58, 60, 46, 61, 10, 74, 75,
60: 59, 61, 4,
61: 60, 62, 16, 59, 74, 51, 76,
62: 61, 63, 6,
63: 62, 64, 20,
64: 63, 65, 37,
65: 64, 66, 43, 69,
66: 65, 67, 20,
67: 66, 68, 21, 35, 50,
68: 67, 69, 17, 33,
69: 68, 70, 65, 73,
70: 69, 71, 41,
71: 70, 72, 7,
72: 71, 73, 81,
73: 72, 74, 10, 50, 69,
74: 73, 75, 58, 61, 59, 47, 85,
75: 74, 76, 59, 46,
76: 75, 77, 48, 61, 13,
77: 76, 78, 34, 12, 99,
78: 77, 79, 48,
79: 78, 80, 9,
80: 79, 81, 26,
81: 80, 82, 26, 72, 37,
82: 81, 83, 37, 11, 99,
83: 82, 84, 36, 26, 90,
84: 83, 85, 23,
85: 84, 86, 53, 26, 74, 99,
86: 85, 87, 13,
87: 86, 88, 6,
88: 87, 89, 15, 26,
89: 88, 90, 14,
90: 89, 91, 83,
91: 90, 92, 43, 49, 98,
92: 91, 93, 33,
93: 92, 94, 16, 44, 53, 46, 0, 99,
94: 93, 95, 34, 35,
95: 94, 96, 7, 49,
96: 95, 97, 26, 56,
97: 96, 98, 51,
98: 97, 99, 91,
99: 98, 8, 1, 82, 28, 45, 93, 77, 20, 85,
