100
0: 1, 64, 19,
1: 0, 2, 66, 63,
2: 1, 3,
3: 2, 4,
4: 3, 5, 15,
5: 4, 6, 38,
6: 5, 7, 75, 65, 88, 84, 99,
7: 6, 8, 56, 42, 90,
8: 7, 9, 77, 76, 17, 39,
9: 8, 10, 43, 39,
10: 9, 11, 13, 57, 61,
11: 10, 12, 98, 23,
12: 11, 13, 47, 23,
13: 12, 14, 10,
14: 13, 15, 34, 82,
15: 14, 16, 4,
16: 15, 17, 58, 31,
17: 16, 18, 95, 8, 67, 84,
18: 17, 19, 32,
19: 18, 20, 0, 57,
20: 19, 21, 85, 24,
21: 20, 22, 85, 99,
22: 21, 23, 46, 26,
23: 22, 24, 12, 11,
24: 23, 25, 20, 89, 51, 41,
25: 24, 26, 61, 82,
26: 25, 27, 22, 37, 41, 99,
27: 26, 28, 71,
28: 27, 29, 90, 70, 33, 94,
29: 28, 30, 47, 59, 41, 71,
30: 29, 31, 93, 74,
31: 30, 32, 16,
32: 31, 33, 18, 97, 36,
33: 32, 34, 28, 42,
34: 33, 35, 14,
35: 34, 36, 41,
36: 35, 37, 45, 32, 55, 87, 88,
37: 36, 38, 26,
38: 37, 39, 5,
39: 38, 40, 9, 8,
40: 39, 41, 53,
41: 40, 42, 35, 52, 26, 63, 24, 78, 29, 54, 56,
42: 41, 43, 7, 33, 96, 44, 59,
43: 42, 44, 9, 50,
44: 43, 45, 42, 60,
45: 44, 46, 36, 78, 99,
46: 45, 47, 22,
47: 46, 48, 12, 29,
48: 47, 49, 91, 59,
49: 48, 50, 53,
50: 49, 51, 43,
51: 50, 52, 24,
52: 51, 53, 41, 66,
53: 52, 54, 40, 49,
54: 53, 55, 41, 94,
55: 54, 56, 36,
56: 55, 57, 7, 79, 41,
57: 56, 58, 10, 19,
58: 57, 59, 16,
59: 58, 60, 29, 42, 80, 48, 62, 86, 92,
60: 59, 61, 44, 88,
61: 60, 62, 25, 10, 83,
62: 61, 63, 59,
63: 62, 64, 41, 1, 67,
64: 63, 65, 0,
65: 64, 66, 6,
66: 65, 67, 1, 52,
67: 66, 68, 63, 17,
68: 67, 69, 74, 84,
69: 68, 70, 83, 99,
70: 69, 71, 28,
71: 70, 72, 27, 29, 84,
72: 71, 73, 81,
73: 72, 74, 94, 99,
74: 73, 75, 68, 30,
75: 74, 76, 6,
76: 75, 77, 8,
77: 76, 78, 8,
78: 77, 79, 41, 45, 89,
79: 78, 80, 56, 92,
80: 79, 81, 59,
81: 80, 82, 72,
82: 81, 83, 14, 25, 84,
83: 82, 84, 69, 61, 99,
84: 83, 85, 17, 82, 68, 6, 95, 71,
85: 84, 86, 20, 21,
86: 85, 87, 59, 99,
87: 86, 88, 36,
88: 87, 89, 6, 36, 60,
89: 88, 90, 24, 78,
90: 89, 91, 7, 28,
91: 90, 92, 48,
92: 91, 93, 79, 59,
93: 92, 94, 30,
94: 93, 95, 73, 54, 28,
95: 94, 96, 17, 84,
96: 95, 97, 42,
97: 96, 98, 32,
98: 97, 99, 11,
99: 98, 26, 6, 45, 86, 21, 73, 69, 83,
