100
0: 1, 80, 75,
1: 0, 2, 12, 37,
2: 1, 3,
3: 2, 4,
4: 3, 5, 89,
5: 4, 6, 88,
6: 5, 7, 57, 63,
7: 6, 8, 66, 64,
8: 7, 9, 99,
9: 8, 10, 34, 94, 49, 70,
10: 9, 11, 36, 45, 43,
11: 10, 12, 90, 30, 42,
12: 11, 13, 1,
13: 12, 14, 71,
14: 13, 15, 68, 54, 81, 89, 91, 78,
15: 14, 16, 57, 29, 69,
16: 15, 17, 74, 36,
17: 16, 18, 55, 27,
18: 17, 19, 44, 25,
19: 18, 20, 67, 26, 51, 92,
20: 19, 21, 80, 75,
21: 20, 22, 83, 64,
22: 21, 23, 86,
23: 22, 24, 95,
24: 23, 25, 82, 66, 40,
25: 24, 26, 18, 65, 77, 39, 93,
26: 25, 27, 19, 46, 28,
27: 26, 28, 49, 17, 37, 58,
28: 27, 29, 26, 39,
29: 28, 30, 15,
30: 29, 31, 11,
31: 30, 32, 68, 43,
32: 31, 33, 70, 67, 57,
33: 32, 34, 65, 47, 58, 60,
34: 33, 35, 9, 42,
35: 34, 36, 98,
36: 35, 37, 10, 16,
37: 36, 38, 1, 27, 76,
38: 37, 39, 97,
39: 38, 40, 28, 25, 62, 46, 89, 58,
40: 39, 41, 24, 50, 57,
41: 40, 42, 52, 61, 57,
42: 41, 43, 34, 11,
43: 42, 44, 10, 47, 31,
44: 43, 45, 18, 56, 58,
45: 44, 46, 10,
46: 45, 47, 26, 39,
47: 46, 48, 33, 43,
48: 47, 49, 87, 53, 84,
49: 48, 50, 27, 9, 56,
50: 49, 51, 40,
51: 50, 52, 19, 64,
52: 51, 53, 41,
53: 52, 54, 48,
54: 53, 55, 14,
55: 54, 56, 17, 76, 59,
56: 55, 57, 44, 49,
57: 56, 58, 6, 15, 32, 40, 63, 41, 84, 92,
58: 57, 59, 83, 33, 44, 86, 27, 96, 64, 39, 69, 76, 0, 0, 65, 0, 56, 58, 6, 15, 32, 40, 63, 41, 84, 92,
59: 58, 60, 55, 69,
60: 59, 61, 33,
61: 60, 62, 41,
62: 61, 63, 39,
63: 62, 64, 6, 57,
64: 63, 65, 7, 58, 84, 21, 51, 85,
65: 64, 66, 25, 33,
66: 65, 67, 7, 24,
67: 66, 68, 19, 32,
68: 67, 69, 14, 31,
69: 68, 70, 59, 58, 15, 73, 84,
70: 69, 71, 32, 9,
71: 70, 72, 13,
72: 71, 73, 83, 75,
73: 72, 74, 69,
74: 73, 75, 16,
75: 74, 76, 0, 83, 89, 72, 20, 79, 84,
76: 75, 77, 55, 58, 37,
77: 76, 78, 25,
78: 77, 79, 14,
79: 78, 80, 85, 75, 83,
80: 79, 81, 0, 20,
81: 80, 82, 14,
82: 81, 83, 24,
83: 82, 84, 21, 58, 72, 75, 79,
84: 83, 85, 64, 75, 58, 69, 48,
85: 84, 86, 64, 79,
86: 85, 87, 22, 58,
87: 86, 88, 48,
88: 87, 89, 5,
89: 88, 90, 4, 14, 39, 75,
90: 89, 91, 11,
91: 90, 92, 14,
92: 91, 93, 58, 19,
93: 92, 94, 25,
94: 93, 95, 9,
95: 94, 96, 23,
96: 95, 97, 58,
97: 96, 98, 38,
98: 97, 99, 35,
99: 98, 8,
