100
0: 1, 9, 15,
1: 0, 2, 3, 5, 34, 37,
2: 1, 3,
3: 2, 4, 1,
4: 3, 5,
5: 4, 6, 1, 26,
6: 5, 7, 36, 12,
7: 6, 8, 92,
8: 7, 9, 94, 75, 64, 73, 47, 11,
9: 8, 10, 0,
10: 9, 11, 68, 78, 58, 82,
11: 10, 12, 8, 82,
12: 11, 13, 40, 6, 31, 50, 72,
13: 12, 14, 85, 96, 82, 97,
14: 13, 15, 98, 44,
15: 14, 16, 86, 0, 44, 55,
16: 15, 17, 93, 53, 87, 33,
17: 16, 18, 23, 61, 20,
18: 17, 19, 80, 32,
19: 18, 20, 35,
20: 19, 21, 17, 45, 51, 60, 63, 87,
21: 20, 22, 54, 59,
22: 21, 23, 57, 25, 38,
23: 22, 24, 17,
24: 23, 25, 99, 87, 29, 35,
25: 24, 26, 22,
26: 25, 27, 5,
27: 26, 28, 34, 62,
28: 27, 29, 79, 33,
29: 28, 30, 24, 41, 97,
30: 29, 31, 71, 36, 43, 52,
31: 30, 32, 12,
32: 31, 33, 18, 57,
33: 32, 34, 16, 28, 87, 97,
34: 33, 35, 27, 1, 51,
35: 34, 36, 19, 24, 56,
36: 35, 37, 6, 30, 81, 49,
37: 36, 38, 1, 65,
38: 37, 39, 22,
39: 38, 40, 67, 73,
40: 39, 41, 12,
41: 40, 42, 29,
42: 41, 43, 44, 46,
43: 42, 44, 30,
44: 43, 45, 14, 42, 86, 73, 15, 66,
45: 44, 46, 20,
46: 45, 47, 42,
47: 46, 48, 8,
48: 47, 49, 81, 77,
49: 48, 50, 36, 73,
50: 49, 51, 12,
51: 50, 52, 20, 65, 93, 34, 82, 69, 66, 70,
52: 51, 53, 30, 97,
53: 52, 54, 16,
54: 53, 55, 21,
55: 54, 56, 74, 15, 63, 84, 97,
56: 55, 57, 35, 91, 63,
57: 56, 58, 22, 32, 67, 72,
58: 57, 59, 10,
59: 58, 60, 21,
60: 59, 61, 63, 20, 64, 67,
61: 60, 62, 17,
62: 61, 63, 27, 67,
63: 62, 64, 55, 60, 20, 75, 56, 89, 93,
64: 63, 65, 8, 60, 97,
65: 64, 66, 51, 37, 82,
66: 65, 67, 51, 44, 76,
67: 66, 68, 39, 57, 62, 60,
68: 67, 69, 10,
69: 68, 70, 51,
70: 69, 71, 51, 95,
71: 70, 72, 30,
72: 71, 73, 57, 82, 95, 12, 83,
73: 72, 74, 8, 44, 90, 49, 82, 39,
74: 73, 75, 55,
75: 74, 76, 8, 63,
76: 75, 77, 66,
77: 76, 78, 48, 88,
78: 77, 79, 10,
79: 78, 80, 28,
80: 79, 81, 18,
81: 80, 82, 36, 48, 84,
82: 81, 83, 51, 72, 73, 87, 10, 88, 13, 11, 65, 85, 0, 0, 65, 0, 80, 82, 36, 48, 84,
83: 82, 84, 72,
84: 83, 85, 81, 55,
85: 84, 86, 13, 82,
86: 85, 87, 15, 44,
87: 86, 88, 16, 24, 82, 20, 33,
88: 87, 89, 82, 77,
89: 88, 90, 63, 99,
90: 89, 91, 73,
91: 90, 92, 56,
92: 91, 93, 7,
93: 92, 94, 16, 51, 63,
94: 93, 95, 8,
95: 94, 96, 72, 70,
96: 95, 97, 13,
97: 96, 98, 33, 52, 55, 29, 64, 13, 99,
98: 97, 99, 14,
99: 98, 24, 89, 97,
