100
0: 1, 81, 54,
1: 0, 2, 68, 11,
2: 1, 3,
3: 2, 4,
4: 3, 5, 55, 57, 7,
5: 4, 6,
6: 5, 7, 83, 92, 85, 40,
7: 6, 8, 4, 75, 37,
8: 7, 9, 61, 74, 79,
9: 8, 10, 21, 19, 41, 43,
10: 9, 11, 23, 77, 16, 54,
11: 10, 12, 58, 1,
12: 11, 13, 40, 25, 72, 84,
13: 12, 14, 98, 70, 44, 18, 22, 93, 20, 89,
14: 13, 15, 79, 58,
15: 14, 16, 62, 91,
16: 15, 17, 10, 78,
17: 16, 18, 52, 47,
18: 17, 19, 13,
19: 18, 20, 9,
20: 19, 21, 13, 32,
21: 20, 22, 9, 38, 27,
22: 21, 23, 13,
23: 22, 24, 10,
24: 23, 25, 84, 73,
25: 24, 26, 12, 99, 71,
26: 25, 27, 35, 67, 46, 28, 45, 59,
27: 26, 28, 54, 21, 50, 81, 71, 91,
28: 27, 29, 82, 26, 39, 84,
29: 28, 30, 34, 53,
30: 29, 31, 88, 92,
31: 30, 32, 66, 86, 33, 63,
32: 31, 33, 20, 71,
33: 32, 34, 31, 35,
34: 33, 35, 29,
35: 34, 36, 26, 33, 41,
36: 35, 37, 56, 42,
37: 36, 38, 39, 7, 41, 87,
38: 37, 39, 21,
39: 38, 40, 37, 90, 55, 28, 86, 89, 91,
40: 39, 41, 6, 12,
41: 40, 42, 64, 9, 48, 37, 51, 62, 53, 35, 89, 69, 0, 0, 65, 0, 41, 43, 36, 94, 96,
42: 41, 43, 36, 94, 96,
43: 42, 44, 9, 53, 71, 99,
44: 43, 45, 13,
45: 44, 46, 64, 26, 76, 60, 91,
46: 45, 47, 26,
47: 46, 48, 17, 95, 71,
48: 47, 49, 41,
49: 48, 50, 96, 91,
50: 49, 51, 27,
51: 50, 52, 41,
52: 51, 53, 17,
53: 52, 54, 41, 43, 97, 29, 84,
54: 53, 55, 27, 87, 10, 77, 0, 60, 89, 91,
55: 54, 56, 4, 39,
56: 55, 57, 36,
57: 56, 58, 4,
58: 57, 59, 11, 14, 65,
59: 58, 60, 88, 26, 89,
60: 59, 61, 91, 45, 63, 80, 72, 54,
61: 60, 62, 8,
62: 61, 63, 15, 41,
63: 62, 64, 60, 31,
64: 63, 65, 41, 45,
65: 64, 66, 58, 91,
66: 65, 67, 31,
67: 66, 68, 26,
68: 67, 69, 1,
69: 68, 70, 41, 99,
70: 69, 71, 13,
71: 70, 72, 47, 43, 25, 96, 32, 27,
72: 71, 73, 60, 12, 86,
73: 72, 74, 24, 84,
74: 73, 75, 8,
75: 74, 76, 7,
76: 75, 77, 45,
77: 76, 78, 10, 54,
78: 77, 79, 16,
79: 78, 80, 8, 14,
80: 79, 81, 60,
81: 80, 82, 0, 27,
82: 81, 83, 28,
83: 82, 84, 6,
84: 83, 85, 24, 73, 53, 12, 28, 96,
85: 84, 86, 6,
86: 85, 87, 31, 72, 39,
87: 86, 88, 54, 37, 89,
88: 87, 89, 30, 59,
89: 88, 90, 41, 54, 59, 97, 91, 87, 39, 13,
90: 89, 91, 39,
91: 90, 92, 60, 89, 54, 15, 49, 65, 39, 45, 27,
92: 91, 93, 6, 30,
93: 92, 94, 13,
94: 93, 95, 42,
95: 94, 96, 47,
96: 95, 97, 49, 71, 42, 84,
97: 96, 98, 53, 89,
98: 97, 99, 13,
99: 98, 25, 69, 43,
