100
0: 1, 33, 85, 42, 41, 75, 79, 62,
1: 0, 2, 11, 91, 9, 50,
2: 1, 3, 42, 27,
3: 2, 4,
4: 3, 5,
5: 4, 6, 53, 83, 29,
6: 5, 7, 71,
7: 6, 8,
8: 7, 9, 59, 27,
9: 8, 10, 1, 37,
10: 9, 11, 98, 85, 32, 49,
11: 10, 12, 1, 26,
12: 11, 13, 73, 51,
13: 12, 14, 87, 35,
14: 13, 15, 76, 93, 25, 60,
15: 14, 16, 70, 23,
16: 15, 17, 24, 40, 45, 48,
17: 16, 18, 64, 68, 39, 43, 51, 58, 81, 88,
18: 17, 19, 87, 59, 67, 89, 36, 44, 72, 77,
19: 18, 20, 84, 92, 72,
20: 19, 21, 90, 22, 97, 57, 55, 73, 77,
21: 20, 22, 32, 69, 60,
22: 21, 23, 20, 55,
23: 22, 24, 15, 73, 54, 66, 29, 33,
24: 23, 25, 16,
25: 24, 26, 14,
26: 25, 27, 11, 82, 28, 63, 50, 73, 75,
27: 26, 28, 2, 8, 47,
28: 27, 29, 26,
29: 28, 30, 5, 35, 23, 70, 72,
30: 29, 31, 72, 49,
31: 30, 32, 70, 46, 50, 74,
32: 31, 33, 21, 78, 60, 10,
33: 32, 34, 0, 23,
34: 33, 35, 51, 38,
35: 34, 36, 29, 13, 65, 99, 96, 73, 78,
36: 35, 37, 53, 18, 58, 67,
37: 36, 38, 9, 77,
38: 37, 39, 34, 88, 61,
39: 38, 40, 17, 95, 47,
40: 39, 41, 16,
41: 40, 42, 0,
42: 41, 43, 0, 2,
43: 42, 44, 17,
44: 43, 45, 18, 49, 83,
45: 44, 46, 16,
46: 45, 47, 31, 86, 75,
47: 46, 48, 27, 39,
48: 47, 49, 16, 94, 50,
49: 48, 50, 44, 78, 30, 10,
50: 49, 51, 26, 31, 1, 48, 81, 58,
51: 50, 52, 12, 34, 17, 78,
52: 51, 53, 83, 56,
53: 52, 54, 5, 36,
54: 53, 55, 23, 64,
55: 54, 56, 22, 20, 81,
56: 55, 57, 52,
57: 56, 58, 20,
58: 57, 59, 50, 65, 17, 36, 70, 75,
59: 58, 60, 8, 18,
60: 59, 61, 32, 21, 14,
61: 60, 62, 38,
62: 61, 63, 0,
63: 62, 64, 26,
64: 63, 65, 17, 54,
65: 64, 66, 35, 58,
66: 65, 67, 23,
67: 66, 68, 18, 36,
68: 67, 69, 17,
69: 68, 70, 21,
70: 69, 71, 15, 31, 58, 91, 29,
71: 70, 72, 6,
72: 71, 73, 30, 29, 19, 18, 75,
73: 72, 74, 12, 23, 20, 80, 35, 26,
74: 73, 75, 31, 78,
75: 74, 76, 0, 58, 98, 26, 72, 46,
76: 75, 77, 14,
77: 76, 78, 20, 37, 18, 81,
78: 77, 79, 32, 49, 35, 89, 74, 51,
79: 78, 80, 0,
80: 79, 81, 73,
81: 80, 82, 50, 55, 17, 77,
82: 81, 83, 26,
83: 82, 84, 5, 52, 44,
84: 83, 85, 19,
85: 84, 86, 0, 10,
86: 85, 87, 46,
87: 86, 88, 13, 18,
88: 87, 89, 38, 17,
89: 88, 90, 18, 78,
90: 89, 91, 20,
91: 90, 92, 1, 70,
92: 91, 93, 19,
93: 92, 94, 14,
94: 93, 95, 48,
95: 94, 96, 39,
96: 95, 97, 35,
97: 96, 98, 20,
98: 97, 99, 10, 75,
99: 98, 35,
