100
0: 1, 71, 4,
1: 0, 2, 85, 41,
2: 1, 3,
3: 2, 4,
4: 3, 5, 88, 0,
5: 4, 6, 74, 84, 33,
6: 5, 7, 95, 24,
7: 6, 8, 25, 23, 68, 86, 19, 16, 91,
8: 7, 9, 39, 63, 76, 14, 72, 23,
9: 8, 10,
10: 9, 11, 69, 40, 12, 41,
11: 10, 12, 56, 81, 41, 30, 39, 43,
12: 11, 13, 10, 49,
13: 12, 14, 91, 89, 23,
14: 13, 15, 8,
15: 14, 16, 93, 94, 48, 56,
16: 15, 17, 7, 93, 42,
17: 16, 18, 97, 80, 22, 35,
18: 17, 19, 32, 49,
19: 18, 20, 7, 74, 59, 23, 88,
20: 19, 21, 79,
21: 20, 22, 45, 92, 63,
22: 21, 23, 17, 77, 88, 29, 31, 82,
23: 22, 24, 7, 34, 57, 19, 13, 82, 8,
24: 23, 25, 6, 27,
25: 24, 26, 7, 61,
26: 25, 27, 59, 76, 52,
27: 26, 28, 24,
28: 27, 29, 46, 36,
29: 28, 30, 56, 22, 78, 87,
30: 29, 31, 11, 86, 49, 63,
31: 30, 32, 22, 64, 43, 55,
32: 31, 33, 18, 58, 44,
33: 32, 34, 5,
34: 33, 35, 23, 45, 78, 42, 44,
35: 34, 36, 17, 60, 56,
36: 35, 37, 28, 43,
37: 36, 38, 70, 67, 81,
38: 37, 39, 75, 63,
39: 38, 40, 8, 11, 49,
40: 39, 41, 10,
41: 40, 42, 11, 83, 1, 53, 10,
42: 41, 43, 63, 98, 16, 69, 34, 54, 51, 73, 48, 55, 0, 0, 65, 0, 42, 44, 49, 31, 11, 93, 36, 81, 88, 94,
43: 42, 44, 49, 31, 11, 93, 36, 81, 88, 94,
44: 43, 45, 34, 32,
45: 44, 46, 21, 34,
46: 45, 47, 28,
47: 46, 48, 94, 55,
48: 47, 49, 15, 68, 42, 94,
49: 48, 50, 43, 30, 18, 39, 12, 88,
50: 49, 51, 60, 82,
51: 50, 52, 42,
52: 51, 53, 26, 57,
53: 52, 54, 41,
54: 53, 55, 42, 62, 94,
55: 54, 56, 47, 42, 31, 94, 86, 88,
56: 55, 57, 11, 29, 15, 35,
57: 56, 58, 23, 65, 52, 63,
58: 57, 59, 32,
59: 58, 60, 19, 26,
60: 59, 61, 35, 50,
61: 60, 62, 25,
62: 61, 63, 54, 85, 80,
63: 62, 64, 8, 42, 30, 21, 38, 57,
64: 63, 65, 31,
65: 64, 66, 57, 90,
66: 65, 67, 96,
67: 66, 68, 37,
68: 67, 69, 7, 48,
69: 68, 70, 10, 42,
70: 69, 71, 37,
71: 70, 72, 0,
72: 71, 73, 8, 90, 82,
73: 72, 74, 42,
74: 73, 75, 5, 19,
75: 74, 76, 38,
76: 75, 77, 8, 26,
77: 76, 78, 22,
78: 77, 79, 34, 29,
79: 78, 80, 20,
80: 79, 81, 17, 62, 82,
81: 80, 82, 11, 37, 42, 94,
82: 81, 83, 23, 50, 72, 22, 80, 94,
83: 82, 84, 41,
84: 83, 85, 5,
85: 84, 86, 1, 62,
86: 85, 87, 7, 30, 55,
87: 86, 88, 29,
88: 87, 89, 4, 22, 43, 94, 99, 55, 49, 19,
89: 88, 90, 13,
90: 89, 91, 65, 72,
91: 90, 92, 7, 13,
92: 91, 93, 21,
93: 92, 94, 15, 16, 43,
94: 93, 95, 15, 47, 55, 88, 54, 81, 82, 43, 48,
95: 94, 96, 6,
96: 95, 97, 66,
97: 96, 98, 17,
98: 97, 99, 42,
99: 98, 88,
