100
0: 1, 44, 19,
1: 0, 2, 42, 89, 85,
2: 1, 3,
3: 2, 4, 7, 31,
4: 3, 5,
5: 4, 6,
6: 5, 7, 61,
7: 6, 8, 3, 10, 36,
8: 7, 9, 22, 79, 73,
9: 8, 10, 99, 39,
10: 9, 11, 7,
11: 10, 12, 57,
12: 11, 13, 68, 69, 16,
13: 12, 14, 30, 25,
14: 13, 15, 99, 51, 52, 92,
15: 14, 16, 66,
16: 15, 17, 32, 12,
17: 16, 18, 72, 25, 24, 75,
18: 17, 19, 87, 72, 20, 21,
19: 18, 20, 56, 0, 97, 33, 38,
20: 19, 21, 64, 40, 71, 84, 49, 29, 32, 68, 18, 26, 0, 0, 65, 0, 18, 20, 56, 0, 97, 33, 38,
21: 20, 22, 71, 55, 18, 80, 97,
22: 21, 23, 8, 92, 25,
23: 22, 24, 76, 90,
24: 23, 25, 17, 94,
25: 24, 26, 17, 51, 70, 22, 28, 13, 47, 54, 86, 77, 0, 0, 65, 0, 23, 25, 17, 94,
26: 25, 27, 20, 81, 76, 88,
27: 26, 28, 40, 88, 48, 96,
28: 27, 29, 25, 65,
29: 28, 30, 20,
30: 29, 31, 13, 88, 90,
31: 30, 32, 3, 98, 90,
32: 31, 33, 16, 20,
33: 32, 34, 19, 39,
34: 33, 35, 61, 46, 96,
35: 34, 36, 65, 64, 62, 79, 53, 48, 90,
36: 35, 37, 7,
37: 36, 38, 43, 39, 52,
38: 37, 39, 20, 74, 53,
39: 38, 40, 33, 37, 9,
40: 39, 41, 20, 27,
41: 40, 42, 45, 59,
42: 41, 43, 1,
43: 42, 44, 37, 88, 50,
44: 43, 45, 0,
45: 44, 46, 41, 91, 47,
46: 45, 47, 34,
47: 46, 48, 25, 85, 45, 88,
48: 47, 49, 27, 35, 67,
49: 48, 50, 20, 68,
50: 49, 51, 58, 43, 60, 92,
51: 50, 52, 14, 25,
52: 51, 53, 37, 14, 68,
53: 52, 54, 35, 38, 94,
54: 53, 55, 25,
55: 54, 56, 21,
56: 55, 57, 19,
57: 56, 58, 11,
58: 57, 59, 50,
59: 58, 60, 62, 41, 83,
60: 59, 61, 92, 50, 68,
61: 60, 62, 6, 34,
62: 61, 63, 35, 59,
63: 62, 64, 82, 88,
64: 63, 65, 20, 35,
65: 64, 66, 28, 35,
66: 65, 67, 15,
67: 66, 68, 48, 93,
68: 67, 69, 12, 20, 49, 77, 87, 60, 52, 95, 97,
69: 68, 70, 12,
70: 69, 71, 25,
71: 70, 72, 20, 21,
72: 71, 73, 17, 18,
73: 72, 74, 8, 90,
74: 73, 75, 38, 85,
75: 74, 76, 17,
76: 75, 77, 23, 26,
77: 76, 78, 68, 25, 83,
78: 77, 79, 97, 94,
79: 78, 80, 8, 35,
80: 79, 81, 21,
81: 80, 82, 26, 88, 92,
82: 81, 83, 63,
83: 82, 84, 77, 59, 90,
84: 83, 85, 20,
85: 84, 86, 1, 47, 74,
86: 85, 87, 25,
87: 86, 88, 18, 68,
88: 87, 89, 27, 30, 43, 47, 81, 96, 63, 26,
89: 88, 90, 1,
90: 89, 91, 97, 73, 31, 23, 35, 30, 83,
91: 90, 92, 45,
92: 91, 93, 22, 60, 14, 81, 50,
93: 92, 94, 67,
94: 93, 95, 53, 78, 25,
95: 94, 96, 68,
96: 95, 97, 88, 27, 34,
97: 96, 98, 19, 68, 78, 90, 21,
98: 97, 99, 31,
99: 98, 9, 14,
