100
0: 1, 40, 17,
1: 0, 2, 90, 7, 16, 11, 49,
2: 1, 3,
3: 2, 4, 86,
4: 3, 5, 70,
5: 4, 6, 53, 12,
6: 5, 7,
7: 6, 8, 1, 31, 63,
8: 7, 9, 53, 50, 58, 95, 93, 47, 22, 30, 62,
9: 8, 10,
10: 9, 11, 83,
11: 10, 12, 1,
12: 11, 13, 5, 16, 28,
13: 12, 14, 85, 68,
14: 13, 15, 59,
15: 14, 16, 42, 30,
16: 15, 17, 1, 12,
17: 16, 18, 0,
18: 17, 19, 87, 26,
19: 18, 20, 94, 33,
20: 19, 21, 57, 46,
21: 20, 22, 72, 54, 61,
22: 21, 23, 8, 97, 70, 43, 91, 39,
23: 22, 24, 71, 52, 93,
24: 23, 25, 28, 34,
25: 24, 26, 97,
26: 25, 27, 18,
27: 26, 28, 54, 32, 84,
28: 27, 29, 24, 12, 35, 44, 50,
29: 28, 30, 73, 77,
30: 29, 31, 87, 15, 33, 8, 98, 93,
31: 30, 32, 7,
32: 31, 33, 27, 69, 65,
33: 32, 34, 30, 76, 49, 19, 37, 64,
34: 33, 35, 24, 61, 99,
35: 34, 36, 28,
36: 35, 37, 47, 48, 67, 90,
37: 36, 38, 33,
38: 37, 39, 92, 62, 80, 75,
39: 38, 40, 22, 73, 65,
40: 39, 41, 0,
41: 40, 42, 99, 81,
42: 41, 43, 15,
43: 42, 44, 22, 47, 76,
44: 43, 45, 89, 28,
45: 44, 46, 79, 47,
46: 45, 47, 20, 55,
47: 46, 48, 8, 36, 43, 88, 45, 82, 49, 52, 60,
48: 47, 49, 36, 53, 68,
49: 48, 50, 33, 47, 1,
50: 49, 51, 8, 28, 65,
51: 50, 52, 84, 65,
52: 51, 53, 23, 47, 90,
53: 52, 54, 5, 8, 48,
54: 53, 55, 21, 27,
55: 54, 56, 46, 94,
56: 55, 57, 96,
57: 56, 58, 20,
58: 57, 59, 8,
59: 58, 60, 14,
60: 59, 61, 47,
61: 60, 62, 34, 21,
62: 61, 63, 38, 8, 65,
63: 62, 64, 7, 90,
64: 63, 65, 33, 66, 90,
65: 64, 66, 50, 51, 78, 62, 39, 32,
66: 65, 67, 64,
67: 66, 68, 36, 88,
68: 67, 69, 48, 13, 90,
69: 68, 70, 32,
70: 69, 71, 4, 22,
71: 70, 72, 23,
72: 71, 73, 21,
73: 72, 74, 29, 39,
74: 73, 75, 80, 90,
75: 74, 76, 38,
76: 75, 77, 33, 43, 94,
77: 76, 78, 29,
78: 77, 79, 65, 85,
79: 78, 80, 45,
80: 79, 81, 38, 74,
81: 80, 82, 41,
82: 81, 83, 47,
83: 82, 84, 10,
84: 83, 85, 51, 27,
85: 84, 86, 13, 78,
86: 85, 87, 3,
87: 86, 88, 18, 30,
88: 87, 89, 47, 67, 94,
89: 88, 90, 44,
90: 89, 91, 1, 63, 36, 93, 52, 68, 74, 64, 94,
91: 90, 92, 22,
92: 91, 93, 38,
93: 92, 94, 8, 90, 23, 30,
94: 93, 95, 19, 90, 88, 55, 76,
95: 94, 96, 8,
96: 95, 97, 56,
97: 96, 98, 22, 25,
98: 97, 99, 30,
99: 98, 41, 34,
