100
0: 1, 79, 20,
1: 0, 2, 47, 17,
2: 1, 3,
3: 2, 4,
4: 3, 5, 23, 7,
5: 4, 6, 37, 7,
6: 5, 7, 85, 31, 68, 55, 99, 51, 58,
7: 6, 8, 79, 67, 83, 49, 18, 64, 5, 4,
8: 7, 9, 52, 14, 15,
9: 8, 10,
10: 9, 11,
11: 10, 12, 25, 16,
12: 11, 13, 66, 77, 74, 88, 83, 96, 73, 59, 93, 14, 0, 0, 65, 0, 10, 12, 25, 16,
13: 12, 14, 50, 19, 53, 15, 33, 37, 44, 90,
14: 13, 15, 8, 12,
15: 14, 16, 13, 8,
16: 15, 17, 74, 11, 21, 97, 69,
17: 16, 18, 42, 1, 55, 57,
18: 17, 19, 7,
19: 18, 20, 13,
20: 19, 21, 0, 36, 44,
21: 20, 22, 16, 61, 31,
22: 21, 23, 41, 39,
23: 22, 24, 4,
24: 23, 25, 86, 32,
25: 24, 26, 11,
26: 25, 27, 41, 48, 71, 84,
27: 26, 28, 52, 84,
28: 27, 29, 45, 44, 39, 70,
29: 28, 30, 72, 31,
30: 29, 31, 95, 44,
31: 30, 32, 6, 29, 21, 56,
32: 31, 33, 24, 98,
33: 32, 34, 13, 92,
34: 33, 35, 44, 90, 82, 91, 98,
35: 34, 36, 59, 46, 38, 40,
36: 35, 37, 20,
37: 36, 38, 5, 60, 13, 98,
38: 37, 39, 35, 51,
39: 38, 40, 22, 76, 28, 63, 81, 87,
40: 39, 41, 35,
41: 40, 42, 22, 26,
42: 41, 43, 17,
43: 42, 44, 48, 89, 71,
44: 43, 45, 28, 34, 20, 30, 69, 13, 54,
45: 44, 46, 28,
46: 45, 47, 35,
47: 46, 48, 1,
48: 47, 49, 26, 43, 80,
49: 48, 50, 7,
50: 49, 51, 13,
51: 50, 52, 6, 38,
52: 51, 53, 8, 27,
53: 52, 54, 13,
54: 53, 55, 44, 84,
55: 54, 56, 6, 65, 17, 63,
56: 55, 57, 31, 94,
57: 56, 58, 17, 62,
58: 57, 59, 6,
59: 58, 60, 12, 35, 87,
60: 59, 61, 37, 75, 93, 62, 69,
61: 60, 62, 21,
62: 61, 63, 60, 57,
63: 62, 64, 39, 55, 65,
64: 63, 65, 7,
65: 64, 66, 55, 63,
66: 65, 67, 12,
67: 66, 68, 7,
68: 67, 69, 6,
69: 68, 70, 44, 16, 60, 98,
70: 69, 71, 28, 78,
71: 70, 72, 43, 26,
72: 71, 73, 29,
73: 72, 74, 12,
74: 73, 75, 12, 16,
75: 74, 76, 60,
76: 75, 77, 39,
77: 76, 78, 12,
78: 77, 79, 70, 85, 90, 98,
79: 78, 80, 0, 7,
80: 79, 81, 48,
81: 80, 82, 39,
82: 81, 83, 34,
83: 82, 84, 7, 12,
84: 83, 85, 26, 54, 27, 87,
85: 84, 86, 6, 78,
86: 85, 87, 24,
87: 86, 88, 59, 84, 39,
88: 87, 89, 12,
89: 88, 90, 43,
90: 89, 91, 34, 13, 78, 94, 98,
91: 90, 92, 34,
92: 91, 93, 33,
93: 92, 94, 12, 60,
94: 93, 95, 90, 56,
95: 94, 96, 30,
96: 95, 97, 12,
97: 96, 98, 16,
98: 97, 99, 90, 32, 69, 78, 37, 34,
99: 98, 6,
