100
0: 1, 62, 24, 11, 72, 86, 63, 52, 48, 29, 28, 8, 0, 0, 65, 0, 0, 2, 53, 37, 98,
1: 0, 2, 53, 37, 98,
2: 1, 3, 92, 23,
3: 2, 4,
4: 3, 5, 58,
5: 4, 6, 84, 26,
6: 5, 7, 81, 12,
7: 6, 8, 96, 57,
8: 7, 9, 47, 0, 40, 36, 39, 94,
9: 8, 10, 74, 67, 70, 15, 41, 46,
10: 9, 11, 70, 48,
11: 10, 12, 0,
12: 11, 13, 6, 22, 46, 82,
13: 12, 14, 71, 33, 79, 18, 39,
14: 13, 15, 61,
15: 14, 16, 63, 44, 9, 85, 20, 80,
16: 15, 17, 68, 27,
17: 16, 18, 26,
18: 17, 19, 13, 80,
19: 18, 20, 34, 77,
20: 19, 21, 15, 36,
21: 20, 22, 75, 59, 35, 41, 46, 80,
22: 21, 23, 12,
23: 22, 24, 2,
24: 23, 25, 0,
25: 24, 26, 30, 86, 48, 54,
26: 25, 27, 5, 17,
27: 26, 28, 16,
28: 27, 29, 0,
29: 28, 30, 0,
30: 29, 31, 25,
31: 30, 32, 92, 42,
32: 31, 33, 67, 93, 87, 73, 98,
33: 32, 34, 13,
34: 33, 35, 19,
35: 34, 36, 21,
36: 35, 37, 67, 8, 49, 60, 20, 64,
37: 36, 38, 1, 93, 99, 60, 89,
38: 37, 39, 97,
39: 38, 40, 8, 13, 48, 55,
40: 39, 41, 8, 43, 79,
41: 40, 42, 99, 9, 21, 66, 86,
42: 41, 43, 31, 98,
43: 42, 44, 40, 57,
44: 43, 45, 15,
45: 44, 46, 91, 74,
46: 45, 47, 12, 21, 9, 62,
47: 46, 48, 8,
48: 47, 49, 0, 39, 25, 10, 83,
49: 48, 50, 36,
50: 49, 51, 69, 86,
51: 50, 52, 65,
52: 51, 53, 0,
53: 52, 54, 1,
54: 53, 55, 25,
55: 54, 56, 39, 97, 89,
56: 55, 57, 88, 60,
57: 56, 58, 7, 43,
58: 57, 59, 4,
59: 58, 60, 21,
60: 59, 61, 36, 37, 56, 65,
61: 60, 62, 14,
62: 61, 63, 0, 46,
63: 62, 64, 0, 15,
64: 63, 65, 36,
65: 64, 66, 51, 60, 72, 95,
66: 65, 67, 41, 80,
67: 66, 68, 9, 32, 36, 82,
68: 67, 69, 16,
69: 68, 70, 50, 94,
70: 69, 71, 9, 10,
71: 70, 72, 13,
72: 71, 73, 0, 65,
73: 72, 74, 32, 83, 78, 76,
74: 73, 75, 9, 45,
75: 74, 76, 21,
76: 75, 77, 99, 73,
77: 76, 78, 19, 90,
78: 77, 79, 73,
79: 78, 80, 13, 40,
80: 79, 81, 66, 18, 15, 21,
81: 80, 82, 6,
82: 81, 83, 67, 12,
83: 82, 84, 48, 73,
84: 83, 85, 5,
85: 84, 86, 15,
86: 85, 87, 0, 25, 50, 41, 96,
87: 86, 88, 32,
88: 87, 89, 56,
89: 88, 90, 37, 55, 91,
90: 89, 91, 77,
91: 90, 92, 45, 99, 89,
92: 91, 93, 2, 31,
93: 92, 94, 32, 37,
94: 93, 95, 69, 8,
95: 94, 96, 65,
96: 95, 97, 7, 86,
97: 96, 98, 38, 55,
98: 97, 99, 42, 32, 0,
99: 98, 37, 41, 76, 91,
