100
0: 1, 37, 43,
1: 0, 2, 22, 76, 5, 65,
2: 1, 3,
3: 2, 4, 86,
4: 3, 5,
5: 4, 6, 12, 94, 1,
6: 5, 7, 17, 9,
7: 6, 8, 42, 15,
8: 7, 9, 24,
9: 8, 10, 6,
10: 9, 11, 46, 19,
11: 10, 12, 88, 56, 33, 71,
12: 11, 13, 5, 58, 15,
13: 12, 14, 42, 41,
14: 13, 15, 36, 29,
15: 14, 16, 18, 7, 68, 12, 72, 73, 47, 43, 56,
16: 15, 17, 41, 78, 45, 89,
17: 16, 18, 6,
18: 17, 19, 15,
19: 18, 20, 10,
20: 19, 21, 44, 27, 30, 37,
21: 20, 22, 87, 65,
22: 21, 23, 1,
23: 22, 24, 85, 35, 83, 34, 53, 43,
24: 23, 25, 8,
25: 24, 26, 35, 28,
26: 25, 27, 39, 54,
27: 26, 28, 20, 98, 54,
28: 27, 29, 25, 45, 67,
29: 28, 30, 57, 14, 59,
30: 29, 31, 39, 20, 43, 66,
31: 30, 32, 59, 89,
32: 31, 33, 92, 80,
33: 32, 34, 11, 88, 50, 48, 56,
34: 33, 35, 23, 85, 51,
35: 34, 36, 23, 25,
36: 35, 37, 14,
37: 36, 38, 0, 93, 20, 40, 89,
38: 37, 39, 86, 41,
39: 38, 40, 26, 30,
40: 39, 41, 37,
41: 40, 42, 16, 13, 54, 84, 38,
42: 41, 43, 7, 13,
43: 42, 44, 15, 23, 30, 62, 0, 79, 91, 99,
44: 43, 45, 20,
45: 44, 46, 16, 28,
46: 45, 47, 10,
47: 46, 48, 15,
48: 47, 49, 33, 82, 71, 89, 54,
49: 48, 50, 89, 55,
50: 49, 51, 33,
51: 50, 52, 34,
52: 51, 53, 81, 55,
53: 52, 54, 23,
54: 53, 55, 41, 27, 26, 48, 77, 89,
55: 54, 56, 52, 49, 64, 80,
56: 55, 57, 11, 60, 63, 33, 15, 81,
57: 56, 58, 29, 77, 69, 67, 70,
58: 57, 59, 12,
59: 58, 60, 29, 31,
60: 59, 61, 56,
61: 60, 62, 66, 89,
62: 61, 63, 43,
63: 62, 64, 56,
64: 63, 65, 55,
65: 64, 66, 21, 1,
66: 65, 67, 61, 30, 77,
67: 66, 68, 90, 75, 57, 97, 28, 95, 70, 84, 89,
68: 67, 69, 15,
69: 68, 70, 57,
70: 69, 71, 67, 57, 93,
71: 70, 72, 48, 11,
72: 71, 73, 15,
73: 72, 74, 15,
74: 73, 75, 96,
75: 74, 76, 67,
76: 75, 77, 1,
77: 76, 78, 54, 57, 66, 80,
78: 77, 79, 16,
79: 78, 80, 43,
80: 79, 81, 32, 77, 55,
81: 80, 82, 52, 56,
82: 81, 83, 48,
83: 82, 84, 23,
84: 83, 85, 41, 67,
85: 84, 86, 23, 34,
86: 85, 87, 3, 38,
87: 86, 88, 21,
88: 87, 89, 11, 33,
89: 88, 90, 37, 48, 49, 61, 31, 16, 54, 67,
90: 89, 91, 67,
91: 90, 92, 43,
92: 91, 93, 32,
93: 92, 94, 37, 70,
94: 93, 95, 5,
95: 94, 96, 67,
96: 95, 97, 74,
97: 96, 98, 67,
98: 97, 99, 27,
99: 98, 43,
