100
0: 1, 78, 11,
1: 0, 2, 7, 14, 28, 39,
2: 1, 3,
3: 2, 4, 46, 98,
4: 3, 5,
5: 4, 6, 49, 88,
6: 5, 7, 28,
7: 6, 8, 1, 66,
8: 7, 9, 42, 22,
9: 8, 10, 93, 27,
10: 9, 11, 52, 55,
11: 10, 12, 0, 77, 54, 45, 56, 53, 23, 69,
12: 11, 13, 57, 18, 26, 99,
13: 12, 14, 38, 43,
14: 13, 15, 1, 71, 68,
15: 14, 16, 54, 55,
16: 15, 17, 63, 71,
17: 16, 18, 20, 74, 64, 68, 71, 99,
18: 17, 19, 12,
19: 18, 20, 51, 27,
20: 19, 21, 17,
21: 20, 22, 91, 23,
22: 21, 23, 8,
23: 22, 24, 11, 21, 25, 70, 71,
24: 23, 25, 97, 29, 44, 55,
25: 24, 26, 23,
26: 25, 27, 12,
27: 26, 28, 94, 19, 73, 9, 68,
28: 27, 29, 6, 76, 33, 1, 34,
29: 28, 30, 24,
30: 29, 31, 65, 34, 50, 68,
31: 30, 32, 54, 71,
32: 31, 33, 42, 87, 56, 47, 67,
33: 32, 34, 28,
34: 33, 35, 30, 28, 41,
35: 34, 36, 53,
36: 35, 37, 90, 95, 39, 73,
37: 36, 38, 84,
38: 37, 39, 13,
39: 38, 40, 1, 36, 44,
40: 39, 41, 85,
41: 40, 42, 34, 48,
42: 41, 43, 8, 32, 95,
43: 42, 44, 13, 62,
44: 43, 45, 24, 39,
45: 44, 46, 11,
46: 45, 47, 3,
47: 46, 48, 68, 75, 72, 32,
48: 47, 49, 41, 89,
49: 48, 50, 5,
50: 49, 51, 54, 30,
51: 50, 52, 19, 61,
52: 51, 53, 10,
53: 52, 54, 11, 35,
54: 53, 55, 11, 15, 31, 50,
55: 54, 56, 24, 10, 15, 91,
56: 55, 57, 11, 32,
57: 56, 58, 12,
58: 57, 59, 87,
59: 58, 60, 85, 91,
60: 59, 61, 96, 92,
61: 60, 62, 51,
62: 61, 63, 43,
63: 62, 64, 16, 79,
64: 63, 65, 17,
65: 64, 66, 30,
66: 65, 67, 7,
67: 66, 68, 70, 32, 77,
68: 67, 69, 47, 17, 14, 71, 27, 30,
69: 68, 70, 11, 71, 81, 86, 89,
70: 69, 71, 67, 23, 89,
71: 70, 72, 14, 16, 68, 69, 31, 23, 94, 17,
72: 71, 73, 47, 83,
73: 72, 74, 27, 36, 75,
74: 73, 75, 17,
75: 74, 76, 47, 73, 80,
76: 75, 77, 28,
77: 76, 78, 11, 67,
78: 77, 79, 0,
79: 78, 80, 63,
80: 79, 81, 75,
81: 80, 82, 69,
82: 81, 83, 93,
83: 82, 84, 72,
84: 83, 85, 37,
85: 84, 86, 40, 59,
86: 85, 87, 69,
87: 86, 88, 32, 58,
88: 87, 89, 5,
89: 88, 90, 48, 70, 69, 92,
90: 89, 91, 36,
91: 90, 92, 21, 59, 55,
92: 91, 93, 89, 60, 99,
93: 92, 94, 9, 82,
94: 93, 95, 27, 71,
95: 94, 96, 36, 42,
96: 95, 97, 60,
97: 96, 98, 24,
98: 97, 99, 3,
99: 98, 17, 92, 12,
