100
0: 1, 81, 39, 18, 78, 21, 30, 43, 55,
1: 0, 2, 62, 42,
2: 1, 3, 59, 6,
3: 2, 4,
4: 3, 5, 30, 91,
5: 4, 6,
6: 5, 7, 84, 2, 8,
7: 6, 8, 76, 20,
8: 7, 9, 95, 6, 56, 82,
9: 8, 10, 92, 37,
10: 9, 11, 16, 94,
11: 10, 12, 63, 54,
12: 11, 13, 89, 41,
13: 12, 14, 68, 99, 42, 80,
14: 13, 15, 40, 64, 72, 76,
15: 14, 16, 77, 26, 51, 28, 85,
16: 15, 17, 10,
17: 16, 18, 82, 65,
18: 17, 19, 0, 73, 32,
19: 18, 20, 97, 77, 24, 36,
20: 19, 21, 7, 95, 61,
21: 20, 22, 0, 45,
22: 21, 23, 69, 36,
23: 22, 24, 32,
24: 23, 25, 19, 50,
25: 24, 26, 45, 29, 30, 42,
26: 25, 27, 15,
27: 26, 28, 90, 41,
28: 27, 29, 52, 15, 91, 42, 50, 87,
29: 28, 30, 25,
30: 29, 31, 4, 25, 0, 35, 46,
31: 30, 32, 90, 49,
32: 31, 33, 23, 18, 56,
33: 32, 34, 75, 88,
34: 33, 35, 95, 65, 56,
35: 34, 36, 30, 80,
36: 35, 37, 22, 58, 92, 19, 47, 93,
37: 36, 38, 9,
38: 37, 39, 70, 85,
39: 38, 40, 0,
40: 39, 41, 14,
41: 40, 42, 57, 53, 27, 12, 92,
42: 41, 43, 76, 25, 1, 52, 60, 13, 28, 86, 83,
43: 42, 44, 0, 87,
44: 43, 45, 71, 66,
45: 44, 46, 25, 21,
46: 45, 47, 65, 30, 52,
47: 46, 48, 36,
48: 47, 49, 98,
49: 48, 50, 31,
50: 49, 51, 67, 96, 80, 76, 28, 54, 24,
51: 50, 52, 15,
52: 51, 53, 28, 42, 56, 46, 74,
53: 52, 54, 41,
54: 53, 55, 50, 11, 56,
55: 54, 56, 0,
56: 55, 57, 8, 52, 34, 99, 32, 54, 71, 61,
57: 56, 58, 41,
58: 57, 59, 36,
59: 58, 60, 2,
60: 59, 61, 42,
61: 60, 62, 56, 20, 66,
62: 61, 63, 1,
63: 62, 64, 11,
64: 63, 65, 14,
65: 64, 66, 34, 46, 17, 76,
66: 65, 67, 61, 44, 80, 87,
67: 66, 68, 50, 90, 98,
68: 67, 69, 13,
69: 68, 70, 22,
70: 69, 71, 38,
71: 70, 72, 44, 56,
72: 71, 73, 14, 80,
73: 72, 74, 18, 88, 92,
74: 73, 75, 52, 79, 80, 87,
75: 74, 76, 33,
76: 75, 77, 7, 42, 50, 65, 14, 87,
77: 76, 78, 15, 19,
78: 77, 79, 0,
79: 78, 80, 74,
80: 79, 81, 50, 72, 88, 35, 66, 85, 74, 13,
81: 80, 82, 0,
82: 81, 83, 8, 17,
83: 82, 84, 42, 85,
84: 83, 85, 6,
85: 84, 86, 80, 15, 38, 83, 90, 92,
86: 85, 87, 42,
87: 86, 88, 43, 28, 76, 74, 66, 98,
88: 87, 89, 73, 80, 33,
89: 88, 90, 12,
90: 89, 91, 27, 31, 67, 85, 93,
91: 90, 92, 4, 28,
92: 91, 93, 9, 36, 41, 73, 85,
93: 92, 94, 90, 36,
94: 93, 95, 10,
95: 94, 96, 8, 20, 34,
96: 95, 97, 50,
97: 96, 98, 19,
98: 97, 99, 48, 87, 67,
99: 98, 13, 56,
