100
0: 1, 54, 93, 20, 43,
1: 0, 2, 64, 23,
2: 1, 3, 33, 44, 85,
3: 2, 4,
4: 3, 5, 94, 65,
5: 4, 6,
6: 5, 7, 56,
7: 6, 8, 77, 30,
8: 7, 9, 81, 15,
9: 8, 10, 32, 12,
10: 9, 11, 86, 87, 26, 73, 89,
11: 10, 12, 16, 47, 91, 15, 21, 48,
12: 11, 13, 9, 78, 17,
13: 12, 14, 24, 67, 82,
14: 13, 15, 37, 95,
15: 14, 16, 8, 86, 81, 88, 11, 33, 35, 43, 48, 96, 0, 0, 65, 0, 13, 15, 37, 95,
16: 15, 17, 11, 55, 29,
17: 16, 18, 79, 12, 96, 88, 53, 42,
18: 17, 19, 99,
19: 18, 20, 76, 52, 49, 55,
20: 19, 21, 0, 34,
21: 20, 22, 66, 74, 11, 71, 95,
22: 21, 23, 63, 25,
23: 22, 24, 1, 38,
24: 23, 25, 13,
25: 24, 26, 22,
26: 25, 27, 10,
27: 26, 28, 68, 48, 80, 95,
28: 27, 29, 89, 41,
29: 28, 30, 16,
30: 29, 31, 7,
31: 30, 32, 72, 59,
32: 31, 33, 9,
33: 32, 34, 2, 15, 41,
34: 33, 35, 20,
35: 34, 36, 58, 15, 47, 57, 40, 43, 45, 49,
36: 35, 37, 79, 57, 95,
37: 36, 38, 14,
38: 37, 39, 23, 95,
39: 38, 40, 70,
40: 39, 41, 35, 98, 90,
41: 40, 42, 33, 28, 83, 96,
42: 41, 43, 17,
43: 42, 44, 51, 79, 15, 50, 0, 52, 35,
44: 43, 45, 2,
45: 44, 46, 67, 35, 77, 59,
46: 45, 47, 98, 83,
47: 46, 48, 11, 35,
48: 47, 49, 27, 15, 61, 11, 92,
49: 48, 50, 19, 35,
50: 49, 51, 43,
51: 50, 52, 43,
52: 51, 53, 19, 43,
53: 52, 54, 17,
54: 53, 55, 0, 59, 90,
55: 54, 56, 16, 19,
56: 55, 57, 6,
57: 56, 58, 35, 36,
58: 57, 59, 35,
59: 58, 60, 54, 62, 31, 45, 71, 95,
60: 59, 61, 95,
61: 60, 62, 48,
62: 61, 63, 59,
63: 62, 64, 22,
64: 63, 65, 1,
65: 64, 66, 4,
66: 65, 67, 21,
67: 66, 68, 13, 45,
68: 67, 69, 27,
69: 68, 70, 92,
70: 69, 71, 39,
71: 70, 72, 21, 59,
72: 71, 73, 31,
73: 72, 74, 10,
74: 73, 75, 21,
75: 74, 76, 97, 90, 84,
76: 75, 77, 19, 83,
77: 76, 78, 7, 45,
78: 77, 79, 12,
79: 78, 80, 17, 36, 43,
80: 79, 81, 27,
81: 80, 82, 8, 15,
82: 81, 83, 13,
83: 82, 84, 41, 46, 76,
84: 83, 85, 75, 95,
85: 84, 86, 2,
86: 85, 87, 10, 15,
87: 86, 88, 10,
88: 87, 89, 15, 17,
89: 88, 90, 28, 10,
90: 89, 91, 75, 54, 40, 92,
91: 90, 92, 11,
92: 91, 93, 69, 90, 48,
93: 92, 94, 0,
94: 93, 95, 4,
95: 94, 96, 60, 59, 84, 36, 27, 21, 14, 38,
96: 95, 97, 17, 41, 15,
97: 96, 98, 75,
98: 97, 99, 40, 46,
99: 98, 18,
