100
0: 1, 12, 13,
1: 0, 2, 16, 8,
2: 1, 3,
3: 2, 4,
4: 3, 5, 26,
5: 4, 6, 50, 38,
6: 5, 7, 89,
7: 6, 8, 98,
8: 7, 9, 11, 36, 1, 71, 32,
9: 8, 10, 95,
10: 9, 11, 65, 42,
11: 10, 12, 8,
12: 11, 13, 0, 57,
13: 12, 14, 78, 0, 70, 91,
14: 13, 15, 35, 41,
15: 14, 16, 35, 46,
16: 15, 17, 1, 88, 40, 62,
17: 16, 18, 85, 45, 48, 51,
18: 17, 19, 65, 25,
19: 18, 20, 69, 75,
20: 19, 21, 44, 94,
21: 20, 22, 28, 53, 32, 41,
22: 21, 23, 31, 68,
23: 22, 24, 31, 84, 25,
24: 23, 25, 33, 31, 31, 42,
25: 24, 26, 23, 86, 72, 79, 18, 63, 88, 50, 29, 99, 0, 0, 65, 0, 23, 25, 33, 31, 31, 42,
26: 25, 27, 4,
27: 26, 28, 52, 82, 44, 54, 56,
28: 27, 29, 21,
29: 28, 30, 25,
30: 29, 31, 59, 41,
31: 30, 32, 22, 23, 87, 25, 24, 34, 37, 64,
32: 31, 33, 52, 89, 21, 8, 37, 56, 80,
33: 32, 34, 24,
34: 33, 35, 31, 58,
35: 34, 36, 14, 15,
36: 35, 37, 8,
37: 36, 38, 31, 32,
38: 37, 39, 5,
39: 38, 40, 41, 62,
40: 39, 41, 16,
41: 40, 42, 39, 14, 30, 73, 21,
42: 41, 43, 61, 25, 10, 46,
43: 42, 44, 70, 66,
44: 43, 45, 20, 27,
45: 44, 46, 17,
46: 45, 47, 15, 76, 42, 70, 93,
47: 46, 48, 80, 67,
48: 47, 49, 17, 67,
49: 48, 50, 77, 54,
50: 49, 51, 5, 25,
51: 50, 52, 17, 68,
52: 51, 53, 27, 32,
53: 52, 54, 21,
54: 53, 55, 56, 77, 27, 70, 49, 90, 96,
55: 54, 56, 83, 76,
56: 55, 57, 54, 32, 92, 27, 70, 74,
57: 56, 58, 12,
58: 57, 59, 34, 76,
59: 58, 60, 30,
60: 59, 61, 97, 94,
61: 60, 62, 42,
62: 61, 63, 16, 39,
63: 62, 64, 25,
64: 63, 65, 31,
65: 64, 66, 10, 18,
66: 65, 67, 43,
67: 66, 68, 48, 47, 70,
68: 67, 69, 51, 22, 75, 92,
69: 68, 70, 19,
70: 69, 71, 43, 54, 56, 81, 85, 13, 67, 46, 74,
71: 70, 72, 8,
72: 71, 73, 25,
73: 72, 74, 41,
74: 73, 75, 56, 70,
75: 74, 76, 19, 68,
76: 75, 77, 46, 58, 55,
77: 76, 78, 49, 54,
78: 77, 79, 13,
79: 78, 80, 25,
80: 79, 81, 47, 32,
81: 80, 82, 70,
82: 81, 83, 27,
83: 82, 84, 55,
84: 83, 85, 23,
85: 84, 86, 17, 70,
86: 85, 87, 25,
87: 86, 88, 31,
88: 87, 89, 16, 25,
89: 88, 90, 6, 32,
90: 89, 91, 54,
91: 90, 92, 13,
92: 91, 93, 56, 68,
93: 92, 94, 46,
94: 93, 95, 20, 60,
95: 94, 96, 9,
96: 95, 97, 54,
97: 96, 98, 60,
98: 97, 99, 7,
99: 98, 25,
