100
0: 1, 37, 27, 12, 30,
1: 0, 2, 55, 32, 39, 97,
2: 1, 3, 49, 22,
3: 2, 4,
4: 3, 5,
5: 4, 6, 15, 88,
6: 5, 7, 38, 10, 13,
7: 6, 8, 71, 25,
8: 7, 9, 99, 20,
9: 8, 10, 23, 78,
10: 9, 11, 6,
11: 10, 12, 89, 48,
12: 11, 13, 0,
13: 12, 14, 6, 16, 79,
14: 13, 15, 75, 18,
15: 14, 16, 5, 81, 46, 17, 97,
16: 15, 17, 13, 84, 87,
17: 16, 18, 49, 15, 58, 90,
18: 17, 19, 14, 50,
19: 18, 20, 58, 33,
20: 19, 21, 8, 26,
21: 20, 22, 30, 90, 49, 54,
22: 21, 23, 64, 2, 48, 66, 77, 88,
23: 22, 24, 9, 87, 45, 97,
24: 23, 25, 28, 89, 40, 88,
25: 24, 26, 7, 78,
26: 25, 27, 20, 56,
27: 26, 28, 0,
28: 27, 29, 24,
29: 28, 30, 43,
30: 29, 31, 21, 0, 63,
31: 30, 32, 46, 44,
32: 31, 33, 1,
33: 32, 34, 19, 72, 45,
34: 33, 35, 36,
35: 34, 36, 82, 77, 49, 74,
36: 35, 37, 34,
37: 36, 38, 0,
38: 37, 39, 6,
39: 38, 40, 1, 92,
40: 39, 41, 24, 61, 80,
41: 40, 42, 91, 59,
42: 41, 43, 87,
43: 42, 44, 29,
44: 43, 45, 31, 60,
45: 44, 46, 23, 33,
46: 45, 47, 15, 31,
47: 46, 48, 70, 49,
48: 47, 49, 22, 11, 93,
49: 48, 50, 2, 17, 88, 56, 47, 86, 35, 60, 21, 83, 0, 0, 65, 0, 49, 51, 18, 96, 57, 65, 91, 92, 97,
50: 49, 51, 18, 96, 57, 65, 91, 92, 97,
51: 50, 52, 53, 67,
52: 51, 53, 77,
53: 52, 54, 51,
54: 53, 55, 21, 64,
55: 54, 56, 1,
56: 55, 57, 49, 70, 26, 66, 79,
57: 56, 58, 50,
58: 57, 59, 19, 17, 76,
59: 58, 60, 41,
60: 59, 61, 49, 44, 82, 78,
61: 60, 62, 40, 76, 78,
62: 61, 63, 85, 64,
63: 62, 64, 30,
64: 63, 65, 22, 62, 54, 72, 84, 69, 73,
65: 64, 66, 50,
66: 65, 67, 22, 56,
67: 66, 68, 51, 88, 92,
68: 67, 69, 94, 83, 98,
69: 68, 70, 64,
70: 69, 71, 47, 56,
71: 70, 72, 7,
72: 71, 73, 33, 64,
73: 72, 74, 64, 99,
74: 73, 75, 35,
75: 74, 76, 14,
76: 75, 77, 61, 58, 83,
77: 76, 78, 35, 52, 22, 84,
78: 77, 79, 61, 25, 91, 9, 60,
79: 78, 80, 56, 13, 83, 93,
80: 79, 81, 40,
81: 80, 82, 15,
82: 81, 83, 35, 60,
83: 82, 84, 68, 76, 49, 79, 87,
84: 83, 85, 16, 64, 77, 96,
85: 84, 86, 62,
86: 85, 87, 49,
87: 86, 88, 23, 42, 83, 16, 91,
88: 87, 89, 5, 49, 67, 22, 24, 98,
89: 88, 90, 11, 24,
90: 89, 91, 21, 17, 95,
91: 90, 92, 41, 78, 49, 87,
92: 91, 93, 67, 39, 50, 96,
93: 92, 94, 48, 79, 97,
94: 93, 95, 68,
95: 94, 96, 90,
96: 95, 97, 50, 84, 92,
97: 96, 98, 23, 15, 50, 1, 93,
98: 97, 99, 88, 68,
99: 98, 8, 73,
