100
0: 1, 74, 70, 57, 97,
1: 0, 2, 71, 32, 37, 48,
2: 1, 3, 67, 84,
3: 2, 4,
4: 3, 5,
5: 4, 6, 94, 81,
6: 5, 7, 46, 78, 8,
7: 6, 8, 36, 10,
8: 7, 9, 69, 6, 34, 23, 84,
9: 8, 10, 17, 27,
10: 9, 11, 98, 7,
11: 10, 12, 58, 86, 76, 49, 44,
12: 11, 13, 82, 53,
13: 12, 14, 15, 65, 92, 25,
14: 13, 15, 36, 45,
15: 14, 16, 13,
16: 15, 17, 47, 66, 36,
17: 16, 18, 9,
18: 17, 19, 29, 37, 31, 88,
19: 18, 20, 52, 30,
20: 19, 21, 85, 35, 28, 25, 84, 93,
21: 20, 22, 99, 33,
22: 21, 23, 53, 54,
23: 22, 24, 51, 8, 44, 68,
24: 23, 25, 50, 61, 42, 45,
25: 24, 26, 13, 20, 39,
26: 25, 27, 88, 85, 61, 45, 87,
27: 26, 28, 9, 61, 46, 53, 63, 87,
28: 27, 29, 20, 77, 36, 96, 50, 61, 87,
29: 28, 30, 18,
30: 29, 31, 19, 57,
31: 30, 32, 18, 73,
32: 31, 33, 1,
33: 32, 34, 21, 56, 44,
34: 33, 35, 8,
35: 34, 36, 20,
36: 35, 37, 7, 14, 28, 16, 55,
37: 36, 38, 18, 59, 1, 41, 87,
38: 37, 39, 72, 90, 56, 53,
39: 38, 40, 25, 60, 44,
40: 39, 41, 79,
41: 40, 42, 37, 44,
42: 41, 43, 51, 24, 44, 73,
43: 42, 44, 96, 45, 55,
44: 43, 45, 42, 11, 33, 23, 99, 41, 39, 89, 55, 66, 0, 0, 65, 0, 42, 44, 96, 45, 55,
45: 44, 46, 43, 90, 24, 26, 79, 50, 14, 64, 80, 83, 0, 0, 65, 0, 43, 45, 42, 11, 33, 23, 99, 41, 39, 89, 55, 66, 0, 0, 65, 0, 42, 44, 96, 45, 55,
46: 45, 47, 6, 27,
47: 46, 48, 16,
48: 47, 49, 55, 1, 75,
49: 48, 50, 11,
50: 49, 51, 24, 28, 45,
51: 50, 52, 23, 42,
52: 51, 53, 19,
53: 52, 54, 22, 77, 27, 12, 38,
54: 53, 55, 22, 57,
55: 54, 56, 48, 61, 36, 43, 44, 87,
56: 55, 57, 33, 38,
57: 56, 58, 30, 0, 54, 62, 71,
58: 57, 59, 11,
59: 58, 60, 37,
60: 59, 61, 39,
61: 60, 62, 24, 26, 27, 55, 91, 77, 81, 28,
62: 61, 63, 57,
63: 62, 64, 91, 27, 83,
64: 63, 65, 45,
65: 64, 66, 13,
66: 65, 67, 16, 44, 95, 83,
67: 66, 68, 2,
68: 67, 69, 23, 93,
69: 68, 70, 8,
70: 69, 71, 0,
71: 70, 72, 1, 57,
72: 71, 73, 38,
73: 72, 74, 88, 31, 83, 42, 97, 93,
74: 73, 75, 0,
75: 74, 76, 48, 87,
76: 75, 77, 11,
77: 76, 78, 28, 53, 61, 98, 80,
78: 77, 79, 6,
79: 78, 80, 40, 45, 83, 93,
80: 79, 81, 45, 77,
81: 80, 82, 5, 61,
82: 81, 83, 12,
83: 82, 84, 73, 79, 63, 66, 45,
84: 83, 85, 20, 8, 87, 2, 96,
85: 84, 86, 20, 26,
86: 85, 87, 11,
87: 86, 88, 84, 55, 75, 37, 28, 26, 27,
88: 87, 89, 26, 73, 18,
89: 88, 90, 44,
90: 89, 91, 38, 45,
91: 90, 92, 61, 63,
92: 91, 93, 13,
93: 92, 94, 79, 68, 73, 20,
94: 93, 95, 5,
95: 94, 96, 66,
96: 95, 97, 28, 43, 84,
97: 96, 98, 73, 0,
98: 97, 99, 10, 77,
99: 98, 21, 44,
