100
0: 1, 90, 49,
1: 0, 2, 82, 46, 12, 99,
2: 1, 3,
3: 2, 4, 54, 77,
4: 3, 5,
5: 4, 6, 79, 34,
6: 5, 7, 26, 99, 38,
7: 6, 8, 61, 11, 26,
8: 7, 9, 72,
9: 8, 10, 26, 20,
10: 9, 11, 80, 83,
11: 10, 12, 7, 75,
12: 11, 13, 32, 35, 61, 33, 74, 70, 62, 1, 84, 44, 0, 0, 65, 0, 12, 14, 41, 20, 48,
13: 12, 14, 41, 20, 48,
14: 13, 15, 18, 47, 77,
15: 14, 16, 47, 28, 48, 59,
16: 15, 17, 66, 27,
17: 16, 18, 40, 23,
18: 17, 19, 14, 22, 79,
19: 18, 20, 39, 36,
20: 19, 21, 56, 64, 37, 9, 51, 13,
21: 20, 22, 67, 98, 55, 71, 87, 96, 66, 85,
22: 21, 23, 18, 89, 27,
23: 22, 24, 17, 30, 91,
24: 23, 25, 30, 77, 56, 99,
25: 24, 26, 81, 69, 43,
26: 25, 27, 6, 9, 7, 50, 32, 69,
27: 26, 28, 73, 80, 22, 35, 90, 33, 98, 16, 29, 91, 0, 0, 65, 0, 27, 29, 15, 99,
28: 27, 29, 15, 99,
29: 28, 30, 27,
30: 29, 31, 23, 24,
31: 30, 32, 38, 80,
32: 31, 33, 12, 26, 60, 46,
33: 32, 34, 12, 27,
34: 33, 35, 5,
35: 34, 36, 12, 27,
36: 35, 37, 19, 52, 42, 47,
37: 36, 38, 20, 94, 79,
38: 37, 39, 31, 6, 64,
39: 38, 40, 19,
40: 39, 41, 17,
41: 40, 42, 13,
42: 41, 43, 91, 36, 47, 44, 64, 65,
43: 42, 44, 25, 56,
44: 43, 45, 42, 12, 85, 99,
45: 44, 46, 58, 64,
46: 45, 47, 1, 32, 78, 79,
47: 46, 48, 14, 15, 42, 36, 93,
48: 47, 49, 12, 15,
49: 48, 50, 0, 53,
50: 49, 51, 26, 74,
51: 50, 52, 20, 71, 99,
52: 51, 53, 36,
53: 52, 54, 98, 49, 76, 85, 63, 72,
54: 53, 55, 3,
55: 54, 56, 21,
56: 55, 57, 20, 24, 63, 43, 59,
57: 56, 58, 60, 79,
58: 57, 59, 45,
59: 58, 60, 56, 15, 68, 65, 77, 80, 92,
60: 59, 61, 32, 57,
61: 60, 62, 7, 12,
62: 61, 63, 12,
63: 62, 64, 56, 53, 79, 86,
64: 63, 65, 20, 83, 42, 91, 45, 38, 79, 95,
65: 64, 66, 59, 42,
66: 65, 67, 16, 21,
67: 66, 68, 21,
68: 67, 69, 59,
69: 68, 70, 25, 26,
70: 69, 71, 12,
71: 70, 72, 21, 51,
72: 71, 73, 8, 53, 91,
73: 72, 74, 27,
74: 73, 75, 12, 50,
75: 74, 76, 11, 88, 97, 79, 91,
76: 75, 77, 53,
77: 76, 78, 3, 24, 14, 59,
78: 77, 79, 46,
79: 78, 80, 5, 63, 64, 46, 91, 37, 57, 75, 18,
80: 79, 81, 10, 27, 31, 59,
81: 80, 82, 25,
82: 81, 83, 1,
83: 82, 84, 64, 10, 92,
84: 83, 85, 12,
85: 84, 86, 53, 21, 44, 99,
86: 85, 87, 63, 99,
87: 86, 88, 21,
88: 87, 89, 75, 99,
89: 88, 90, 22,
90: 89, 91, 0, 27,
91: 90, 92, 42, 64, 79, 75, 27, 23, 72,
92: 91, 93, 59, 83,
93: 92, 94, 47,
94: 93, 95, 37,
95: 94, 96, 64,
96: 95, 97, 21,
97: 96, 98, 75,
98: 97, 99, 21, 27, 53,
99: 98, 6, 88, 86, 51, 27, 44, 24, 1, 85,
