100
0: 1, 17,
1: 0, 2, 85, 42,
2: 1, 3,
3: 2, 4,
4: 3, 5, 28,
5: 4, 6, 38, 40, 29,
6: 5, 7, 91, 24,
7: 6, 8, 81, 74, 62,
8: 7, 9, 18,
9: 8, 10, 19, 37,
10: 9, 11, 69, 43, 24,
11: 10, 12, 64,
12: 11, 13, 32, 40,
13: 12, 14, 33, 59,
14: 13, 15, 25, 70,
15: 14, 16, 76, 31, 41,
16: 15, 17, 89,
17: 16, 18, 0, 56, 54,
18: 17, 19, 8,
19: 18, 20, 9,
20: 19, 21, 49, 26, 84, 34, 64, 67, 59, 45, 63,
21: 20, 22, 75, 52, 50, 60,
22: 21, 23, 40, 44,
23: 22, 24, 32, 65,
24: 23, 25, 10, 6,
25: 24, 26, 14,
26: 25, 27, 20,
27: 26, 28, 35, 75,
28: 27, 29, 4,
29: 28, 30, 5,
30: 29, 31, 75, 65,
31: 30, 32, 15, 78, 47,
32: 31, 33, 12, 23,
33: 32, 34, 13,
34: 33, 35, 20, 92, 95,
35: 34, 36, 27,
36: 35, 37, 98, 88,
37: 36, 38, 9, 79,
38: 37, 39, 5,
39: 38, 40, 86, 53, 58, 66,
40: 39, 41, 5, 22, 12, 48, 47, 97,
41: 40, 42, 71, 15, 87, 94, 50, 97,
42: 41, 43, 1,
43: 42, 44, 10,
44: 43, 45, 22,
45: 44, 46, 20,
46: 45, 47, 97, 69,
47: 46, 48, 40, 31, 63,
48: 47, 49, 40,
49: 48, 50, 20, 87, 97, 57, 54, 72,
50: 49, 51, 41, 21, 82,
51: 50, 52, 68, 66,
52: 51, 53, 21,
53: 52, 54, 39,
54: 53, 55, 17, 49,
55: 54, 56, 90,
56: 55, 57, 17,
57: 56, 58, 49,
58: 57, 59, 39, 77,
59: 58, 60, 20, 61, 73, 13,
60: 59, 61, 21, 83,
61: 60, 62, 59,
62: 61, 63, 7, 96, 67, 69,
63: 62, 64, 20, 47,
64: 63, 65, 11, 20,
65: 64, 66, 30, 23,
66: 65, 67, 51, 39, 88,
67: 66, 68, 20, 80, 62,
68: 67, 69, 51,
69: 68, 70, 10, 62, 46, 91,
70: 69, 71, 14,
71: 70, 72, 41,
72: 71, 73, 49,
73: 72, 74, 59,
74: 73, 75, 7,
75: 74, 76, 21, 30, 27,
76: 75, 77, 15,
77: 76, 78, 58,
78: 77, 79, 31,
79: 78, 80, 37,
80: 79, 81, 67,
81: 80, 82, 7,
82: 81, 83, 50,
83: 82, 84, 60, 93,
84: 83, 85, 20, 94,
85: 84, 86, 1,
86: 85, 87, 39,
87: 86, 88, 41, 49,
88: 87, 89, 97, 66, 36, 99,
89: 88, 90, 16,
90: 89, 91, 55,
91: 90, 92, 6, 69,
92: 91, 93, 34,
93: 92, 94, 83,
94: 93, 95, 41, 84,
95: 94, 96, 34,
96: 95, 97, 62,
97: 96, 98, 46, 49, 88, 40, 41,
98: 97, 99, 36,
99: 98, 88,
