164
0: 1, 132, 155, 111,
1: 0, 2, 158, 134,
2: 1, 3, 49, 20,
3: 2, 4, 21, 101, 140,
4: 3, 5, 64, 115,
5: 4, 6, 142,
6: 5, 7, 83,
7: 6, 8, 13, 30,
8: 7, 9, 130, 39, 133, 104, 76, 51,
9: 8, 10, 46,
10: 9, 11, 38, 157,
11: 10, 12, 144,
12: 11, 13, 55, 105, 110, 154,
13: 12, 14, 7,
14: 13, 15, 126,
15: 14, 16, 40,
16: 15, 17, 72, 88, 83,
17: 16, 18, 111, 50, 155, 117,
18: 17, 19, 95, 86,
19: 18, 20, 74,
20: 19, 21, 2, 69,
21: 20, 22, 3,
22: 21, 23, 101, 42,
23: 22, 24, 128,
24: 23, 25, 100,
25: 24, 26, 153,
26: 25, 27, 90, 151, 141, 69, 152,
27: 26, 28, 39,
28: 27, 29, 114,
29: 28, 30, 96,
30: 29, 31, 7,
31: 30, 32, 124,
32: 31, 33, 84, 119,
33: 32, 34, 93, 100,
34: 33, 35, 75,
35: 34, 36, 156, 158,
36: 35, 37, 90, 76,
37: 36, 38, 66, 79,
38: 37, 39, 10,
39: 38, 40, 8, 27,
40: 39, 41, 15, 94,
41: 40, 42, 65,
42: 41, 43, 22, 124,
43: 42, 44, 133,
44: 43, 45, 87,
45: 44, 46, 54, 96, 74, 86, 138, 146,
46: 45, 47, 9,
47: 46, 48, 60, 101,
48: 47, 49, 92,
49: 48, 50, 2, 79,
50: 49, 51, 17,
51: 50, 52, 8,
52: 51, 53, 119, 130,
53: 52, 54, 82,
54: 53, 55, 45, 77,
55: 54, 56, 12,
56: 55, 57, 136, 106,
57: 56, 58, 129, 113, 82,
58: 57, 59, 96, 103, 84,
59: 58, 60, 147,
60: 59, 61, 47, 67, 63, 70, 146, 115,
61: 60, 62, 156, 71,
62: 61, 63, 81, 88, 150,
63: 62, 64, 60,
64: 63, 65, 4,
65: 64, 66, 41, 104,
66: 65, 67, 37,
67: 66, 68, 60,
68: 67, 69, 125,
69: 68, 70, 20, 26,
70: 69, 71, 60,
71: 70, 72, 61,
72: 71, 73, 16, 122, 145, 159, 124, 93,
73: 72, 74, 131,
74: 73, 75, 19, 45, 101, 125, 159, 146,
75: 74, 76, 34,
76: 75, 77, 8, 36,
77: 76, 78, 54,
78: 77, 79, 135, 150,
79: 78, 80, 37, 49,
80: 79, 81, 128,
81: 80, 82, 62, 145, 135,
82: 81, 83, 53, 57,
83: 82, 84, 6, 16,
84: 83, 85, 32, 58,
85: 84, 86, 143, 148,
86: 85, 87, 18, 45,
87: 86, 88, 44,
88: 87, 89, 16, 62, 97,
89: 88, 90, 156, 91, 137, 136, 98, 145, 122,
90: 89, 91, 26, 36,
91: 90, 92, 89, 148,
92: 91, 93, 48,
93: 92, 94, 33, 72, 149, 109, 139,
94: 93, 95, 40,
95: 94, 96, 18,
96: 95, 97, 29, 45, 58,
97: 96, 98, 88,
98: 97, 99, 89, 137, 146, 101, 159, 120,
99: 98, 100, 140, 156,
100: 99, 101, 24, 33,
101: 100, 102, 3, 22, 47, 74, 98,
102: 101, 103, 133,
103: 102, 104, 58,
104: 103, 105, 8, 65,
105: 104, 106, 12,
106: 105, 107, 56,
107: 106, 108, 114, 112,
108: 107, 109, 118,
109: 108, 110, 93,
110: 109, 111, 12,
111: 110, 112, 0, 17,
112: 111, 113, 107,
113: 112, 114, 57,
114: 113, 115, 28, 107, 131,
115: 114, 116, 4, 60,
116: 115, 117, 143,
117: 116, 118, 17,
118: 117, 119, 108, 127, 152,
119: 118, 120, 32, 52,
120: 119, 121, 98,
121: 120, 122, 142, 146, 137,
122: 121, 123, 72, 89,
123: 122, 124, 138, 159, 127,
124: 123, 125, 31, 42, 72,
125: 124, 126, 68, 74,
126: 125, 127, 14,
127: 126, 128, 118, 123,
128: 127, 129, 23, 80,
129: 128, 130, 57,
130: 129, 131, 8, 52,
131: 130, 132, 73, 114,
132: 131, 133, 0,
133: 132, 134, 8, 43, 102,
134: 133, 135, 1,
135: 134, 136, 78, 81,
136: 135, 137, 56, 89,
137: 136, 138, 89, 98, 121,
138: 137, 139, 45, 123, 140,
139: 138, 140, 93,
140: 139, 141, 3, 99, 138, 144,
141: 140, 142, 26,
142: 141, 143, 5, 121, 148,
143: 142, 144, 85, 116,
144: 143, 145, 11, 140, 148, 147, 159, 160, 161,
145: 144, 146, 72, 81, 89,
146: 145, 147, 45, 60, 74, 98, 121,
147: 146, 148, 59, 144, 162, 159, 163,
148: 147, 149, 85, 91, 142, 144,
149: 148, 150, 93,
150: 149, 151, 62, 78,
151: 150, 152, 26,
152: 151, 153, 26, 118,
153: 152, 154, 25,
154: 153, 155, 12,
155: 154, 156, 0, 17,
156: 155, 157, 35, 61, 89, 99,
157: 156, 158, 10,
158: 157, 159, 1, 35,
159: 158, 72, 74, 98, 123, 144, 147,
160: 144,
161: 144,
162: 147,
163: 147,
