178
0: 1, 11, 3,
1: 0, 2, 75, 65,
2: 1, 3, 41,
3: 2, 4, 0,
4: 3, 5, 131, 148, 106, 55,
5: 4, 6, 156,
6: 5, 7, 107, 152, 87,
7: 6, 8, 42,
8: 7, 9, 126,
9: 8, 10, 162, 48,
10: 9, 11, 158, 164, 102, 111, 26, 60, 91, 68, 142,
11: 10, 12, 0, 45,
12: 11, 13, 16,
13: 12, 14, 110, 167, 96, 124,
14: 13, 15, 114,
15: 14, 16, 165, 24,
16: 15, 17, 12, 18, 172, 64, 86, 119,
17: 16, 18, 38,
18: 17, 19, 16,
19: 18, 20, 97, 116, 109, 128,
20: 19, 21, 72,
21: 20, 22, 69, 51, 62,
22: 21, 23, 43, 100, 149,
23: 22, 24, 56,
24: 23, 25, 15, 111, 74,
25: 24, 26, 83,
26: 25, 27, 10, 120,
27: 26, 28, 143, 93, 112,
28: 27, 29, 107,
29: 28, 30, 61, 92,
30: 29, 31, 151, 153,
31: 30, 32, 66,
32: 31, 33, 42,
33: 32, 34, 157,
34: 33, 35, 84,
35: 34, 36, 132,
36: 35, 37, 54,
37: 36, 38, 66,
38: 37, 39, 17, 144,
39: 38, 40, 119, 116,
40: 39, 41, 47,
41: 40, 42, 2, 154,
42: 41, 43, 7, 32,
43: 42, 44, 22,
44: 43, 45, 159, 123, 70,
45: 44, 46, 11, 88,
46: 45, 47, 98, 120, 89, 87, 109, 159, 53, 67,
47: 46, 48, 40, 99,
48: 47, 49, 9, 81, 112, 102,
49: 48, 50, 108, 74,
50: 49, 51, 85,
51: 50, 52, 21, 93, 131,
52: 51, 53, 67, 134, 119,
53: 52, 54, 46, 135,
54: 53, 55, 36, 118,
55: 54, 56, 4,
56: 55, 57, 23, 63, 71, 161,
57: 56, 58, 63,
58: 57, 59, 73, 82,
59: 58, 60, 163, 125,
60: 59, 61, 10,
61: 60, 62, 29,
62: 61, 63, 21, 70, 163, 173,
63: 62, 64, 56, 57,
64: 63, 65, 16,
65: 64, 66, 1,
66: 65, 67, 31, 37,
67: 66, 68, 46, 52,
68: 67, 69, 10,
69: 68, 70, 21,
70: 69, 71, 44, 62,
71: 70, 72, 56,
72: 71, 73, 20,
73: 72, 74, 58, 169,
74: 73, 75, 24, 49,
75: 74, 76, 1, 133, 114, 94, 150,
76: 75, 77, 85, 143, 135, 101, 170, 138,
77: 76, 78, 131,
78: 77, 79, 129,
79: 78, 80, 136,
80: 79, 81, 145, 105, 133,
81: 80, 82, 48,
82: 81, 83, 58, 173,
83: 82, 84, 25,
84: 83, 85, 34, 115,
85: 84, 86, 50, 76,
86: 85, 87, 16,
87: 86, 88, 6, 46,
88: 87, 89, 45,
89: 88, 90, 46,
90: 89, 91, 127, 172, 104, 145,
91: 90, 92, 10, 150,
92: 91, 93, 29, 117, 114, 164,
93: 92, 94, 27, 51,
94: 93, 95, 75, 166,
95: 94, 96, 142,
96: 95, 97, 13,
97: 96, 98, 19,
98: 97, 99, 46,
99: 98, 100, 47, 161, 125,
100: 99, 101, 22,
101: 100, 102, 76, 113,
102: 101, 103, 10, 48,
103: 102, 104, 139, 166, 125, 171, 156,
104: 103, 105, 90, 131,
105: 104, 106, 80,
106: 105, 107, 4,
107: 106, 108, 6, 28,
108: 107, 109, 49,
109: 108, 110, 19, 46, 150,
110: 109, 111, 13, 114, 154,
111: 110, 112, 10, 24,
112: 111, 113, 27, 48,
113: 112, 114, 101, 140,
114: 113, 115, 14, 75, 92, 110, 160,
115: 114, 116, 84, 131, 141, 154, 137, 136, 144, 146,
116: 115, 117, 19, 39,
117: 116, 118, 92, 125, 147,
118: 117, 119, 54,
119: 118, 120, 16, 39, 52,
120: 119, 121, 26, 46,
121: 120, 122, 133, 164, 142,
122: 121, 123, 138,
123: 122, 124, 44,
124: 123, 125, 13,
125: 124, 126, 59, 99, 103, 117, 131, 136, 168,
126: 125, 127, 8, 168,
127: 126, 128, 90,
128: 127, 129, 19,
129: 128, 130, 78,
130: 129, 131, 154, 138, 133,
131: 130, 132, 4, 51, 77, 104, 115, 125,
132: 131, 133, 35,
133: 132, 134, 75, 80, 121, 130,
134: 133, 135, 52,
135: 134, 136, 53, 76,
136: 135, 137, 79, 115, 125,
137: 136, 138, 115,
138: 137, 139, 76, 122, 130, 156, 154, 155, 146,
139: 138, 140, 103,
140: 139, 141, 113,
141: 140, 142, 115,
142: 141, 143, 10, 95, 121,
143: 142, 144, 27, 76,
144: 143, 145, 38, 115,
145: 144, 146, 80, 90,
146: 145, 147, 115, 138, 154, 168, 174, 175,
147: 146, 148, 117, 154,
148: 147, 149, 4,
149: 148, 150, 22,
150: 149, 151, 75, 91, 109,
151: 150, 152, 30,
152: 151, 153, 6,
153: 152, 154, 30,
154: 153, 155, 41, 110, 115, 130, 138, 146, 147, 176,
155: 154, 156, 138,
156: 155, 157, 5, 103, 138,
157: 156, 158, 33,
158: 157, 159, 10,
159: 158, 160, 44, 46,
160: 159, 161, 114,
161: 160, 162, 56, 99,
162: 161, 163, 9,
163: 162, 164, 59, 62,
164: 163, 165, 10, 92, 121,
165: 164, 166, 15,
166: 165, 167, 94, 103,
167: 166, 168, 13,
168: 167, 169, 125, 126, 146, 177,
169: 168, 170, 73,
170: 169, 171, 76,
171: 170, 172, 103,
172: 171, 173, 16, 90,
173: 172, 62, 82,
174: 146,
175: 146,
176: 154,
177: 168,
