154
0: 1, 9,
1: 0, 2, 94, 61, 70, 38, 113, 115,
2: 1, 3, 60, 99, 87,
3: 2, 4, 45, 102,
4: 3, 5, 117,
5: 4, 6, 136,
6: 5, 7, 19,
7: 6, 8, 89,
8: 7, 9, 73,
9: 8, 10, 0, 128,
10: 9, 11, 127,
11: 10, 12, 57,
12: 11, 13, 61,
13: 12, 14, 84, 59,
14: 13, 15, 80, 116, 76,
15: 14, 16, 45,
16: 15, 17, 83, 29, 79, 51,
17: 16, 18, 60,
18: 17, 19, 103,
19: 18, 20, 6,
20: 19, 21, 108, 69, 131,
21: 20, 22, 26, 41, 32,
22: 21, 23, 101,
23: 22, 24, 39,
24: 23, 25, 124,
25: 24, 26, 66, 52, 94, 77,
26: 25, 27, 21,
27: 26, 28, 137,
28: 27, 29, 130, 68, 145,
29: 28, 30, 16,
30: 29, 31, 103, 50,
31: 30, 32, 71, 65,
32: 31, 33, 21, 53, 92,
33: 32, 34, 63,
34: 33, 35, 54, 127, 72, 93,
35: 34, 36, 43, 141,
36: 35, 37, 123,
37: 36, 38, 76, 101,
38: 37, 39, 1,
39: 38, 40, 23,
40: 39, 41, 64, 94,
41: 40, 42, 21,
42: 41, 43, 115, 123,
43: 42, 44, 35,
44: 43, 45, 147,
45: 44, 46, 3, 15,
46: 45, 47, 115,
47: 46, 48, 114,
48: 47, 49, 90, 124, 137,
49: 48, 50, 85, 55, 97,
50: 49, 51, 30,
51: 50, 52, 16, 56,
52: 51, 53, 25,
53: 52, 54, 32, 74, 123,
54: 53, 55, 34, 143,
55: 54, 56, 49,
56: 55, 57, 51, 139, 146, 123,
57: 56, 58, 11, 140,
58: 57, 59, 107, 112,
59: 58, 60, 13,
60: 59, 61, 2, 17, 75, 119, 106,
61: 60, 62, 1, 12,
62: 61, 63, 118,
63: 62, 64, 33, 148,
64: 63, 65, 40,
65: 64, 66, 31,
66: 65, 67, 25,
67: 66, 68, 90, 105, 100,
68: 67, 69, 28,
69: 68, 70, 20,
70: 69, 71, 1,
71: 70, 72, 31,
72: 71, 73, 34,
73: 72, 74, 8,
74: 73, 75, 53,
75: 74, 76, 60,
76: 75, 77, 14, 37,
77: 76, 78, 25, 142, 81,
78: 77, 79, 126, 121,
79: 78, 80, 16,
80: 79, 81, 14, 83,
81: 80, 82, 77, 98,
82: 81, 83, 131,
83: 82, 84, 16, 80, 123,
84: 83, 85, 13, 106, 139, 138, 109,
85: 84, 86, 49, 137, 95, 141,
86: 85, 87, 104, 149,
87: 86, 88, 2,
88: 87, 89, 144, 123,
89: 88, 90, 7,
90: 89, 91, 48, 67, 118, 125,
91: 90, 92, 122, 100,
92: 91, 93, 32,
93: 92, 94, 34,
94: 93, 95, 1, 25, 40,
95: 94, 96, 85, 104, 101, 141, 149, 148,
96: 95, 97, 125, 135,
97: 96, 98, 49,
98: 97, 99, 81, 120,
99: 98, 100, 2,
100: 99, 101, 67, 91,
101: 100, 102, 22, 37, 95,
102: 101, 103, 3,
103: 102, 104, 18, 30,
104: 103, 105, 86, 95, 141,
105: 104, 106, 67,
106: 105, 107, 60, 84,
107: 106, 108, 58,
108: 107, 109, 20,
109: 108, 110, 84, 139, 123, 146,
110: 109, 111, 123, 132,
111: 110, 112, 142, 129, 132, 126,
112: 111, 113, 58,
113: 112, 114, 1,
114: 113, 115, 47,
115: 114, 116, 1, 42, 46,
116: 115, 117, 14,
117: 116, 118, 4, 120, 144, 134,
118: 117, 119, 62, 90,
119: 118, 120, 60, 126, 129, 133, 144,
120: 119, 121, 98, 117, 144,
121: 120, 122, 78,
122: 121, 123, 91,
123: 122, 124, 36, 42, 53, 56, 83, 88, 109, 110, 126,
124: 123, 125, 24, 48,
125: 124, 126, 90, 96,
126: 125, 127, 78, 111, 119, 123, 133, 150, 151, 152, 153,
127: 126, 128, 10, 34,
128: 127, 129, 9,
129: 128, 130, 111, 119,
130: 129, 131, 28,
131: 130, 132, 20, 82,
132: 131, 133, 110, 111,
133: 132, 134, 119, 126,
134: 133, 135, 117,
135: 134, 136, 96,
136: 135, 137, 5,
137: 136, 138, 27, 48, 85,
138: 137, 139, 84,
139: 138, 140, 56, 84, 109,
140: 139, 141, 57,
141: 140, 142, 35, 85, 95, 104,
142: 141, 143, 77, 111,
143: 142, 144, 54,
144: 143, 145, 88, 117, 119, 120,
145: 144, 146, 28,
146: 145, 147, 56, 109,
147: 146, 148, 44,
148: 147, 149, 63, 95,
149: 148, 86, 95,
150: 126,
151: 126,
152: 126,
153: 126,
