160
0: 1, 20,
1: 0, 2, 32, 50,
2: 1, 3, 87,
3: 2, 4, 40, 122, 109, 11,
4: 3, 5, 109, 55, 148,
5: 4, 6, 73, 47,
6: 5, 7, 36,
7: 6, 8, 55,
8: 7, 9, 60, 123,
9: 8, 10, 44,
10: 9, 11, 120,
11: 10, 12, 3,
12: 11, 13, 95,
13: 12, 14, 125, 123, 20, 131,
14: 13, 15, 96,
15: 14, 16, 71,
16: 15, 17, 140, 76,
17: 16, 18, 42, 113,
18: 17, 19, 89, 42,
19: 18, 20, 88, 128,
20: 19, 21, 0, 13,
21: 20, 22, 93, 146, 67,
22: 21, 23, 150,
23: 22, 24, 145, 101, 56, 152,
24: 23, 25, 43,
25: 24, 26, 93,
26: 25, 27, 52,
27: 26, 28, 117,
28: 27, 29, 99,
29: 28, 30, 135, 82, 151,
30: 29, 31, 118,
31: 30, 32, 62,
32: 31, 33, 1,
33: 32, 34, 108,
34: 33, 35, 66,
35: 34, 36, 64,
36: 35, 37, 6,
37: 36, 38, 122,
38: 37, 39, 136, 75,
39: 38, 40, 111,
40: 39, 41, 3,
41: 40, 42, 137, 80,
42: 41, 43, 17, 18, 86, 48,
43: 42, 44, 24,
44: 43, 45, 9,
45: 44, 46, 48, 70,
46: 45, 47, 92,
47: 46, 48, 5,
48: 47, 49, 42, 45,
49: 48, 50, 134,
50: 49, 51, 1,
51: 50, 52, 55, 131, 54, 74, 89,
52: 51, 53, 26,
53: 52, 54, 117,
54: 53, 55, 51,
55: 54, 56, 4, 7, 51,
56: 55, 57, 23,
57: 56, 58, 72,
58: 57, 59, 122,
59: 58, 60, 74,
60: 59, 61, 8, 147, 120, 119,
61: 60, 62, 139, 85, 83,
62: 61, 63, 31, 102, 88,
63: 62, 64, 107, 126,
64: 63, 65, 35,
65: 64, 66, 153,
66: 65, 67, 34, 129,
67: 66, 68, 21, 104,
68: 67, 69, 89,
69: 68, 70, 90, 142,
70: 69, 71, 45,
71: 70, 72, 15,
72: 71, 73, 57,
73: 72, 74, 5,
74: 73, 75, 51, 59,
75: 74, 76, 38, 150,
76: 75, 77, 16,
77: 76, 78, 119, 79, 81, 133,
78: 77, 79, 86, 121,
79: 78, 80, 77, 114,
80: 79, 81, 41,
81: 80, 82, 77,
82: 81, 83, 29,
83: 82, 84, 61, 135, 126,
84: 83, 85, 143,
85: 84, 86, 61, 129,
86: 85, 87, 42, 78,
87: 86, 88, 2,
88: 87, 89, 19, 62,
89: 88, 90, 18, 51, 68, 130,
90: 89, 91, 69,
91: 90, 92, 139, 106,
92: 91, 93, 46,
93: 92, 94, 21, 25,
94: 93, 95, 115, 124,
95: 94, 96, 12, 108,
96: 95, 97, 14,
97: 96, 98, 130,
98: 97, 99, 114,
99: 98, 100, 28,
100: 99, 101, 129,
101: 100, 102, 23,
102: 101, 103, 62,
103: 102, 104, 146, 110,
104: 103, 105, 67, 144,
105: 104, 106, 123, 127, 138,
106: 105, 107, 91, 108, 137, 132, 129,
107: 106, 108, 63,
108: 107, 109, 33, 95, 106, 143,
109: 108, 110, 3, 4, 146, 126, 145, 141, 138, 116,
110: 109, 111, 103,
111: 110, 112, 39,
112: 111, 113, 124, 137, 149,
113: 112, 114, 17, 149, 122, 141, 130, 146, 126, 124,
114: 113, 115, 79, 98, 124,
115: 114, 116, 94,
116: 115, 117, 109,
117: 116, 118, 27, 53,
118: 117, 119, 30,
119: 118, 120, 60, 77,
120: 119, 121, 10, 60,
121: 120, 122, 78,
122: 121, 123, 3, 37, 58, 113,
123: 122, 124, 8, 13, 105,
124: 123, 125, 94, 112, 113, 114, 154,
125: 124, 126, 13,
126: 125, 127, 63, 83, 109, 113, 130, 155, 156,
127: 126, 128, 105,
128: 127, 129, 19,
129: 128, 130, 66, 85, 100, 106,
130: 129, 131, 89, 97, 113, 126, 157, 158, 159,
131: 130, 132, 13, 51,
132: 131, 133, 106,
133: 132, 134, 77,
134: 133, 135, 49,
135: 134, 136, 29, 83,
136: 135, 137, 38,
137: 136, 138, 41, 106, 112,
138: 137, 139, 105, 109,
139: 138, 140, 61, 91,
140: 139, 141, 16,
141: 140, 142, 109, 113,
142: 141, 143, 69,
143: 142, 144, 84, 108,
144: 143, 145, 104,
145: 144, 146, 23, 109,
146: 145, 147, 21, 103, 109, 113,
147: 146, 148, 60,
148: 147, 149, 4,
149: 148, 150, 112, 113,
150: 149, 151, 22, 75,
151: 150, 152, 29,
152: 151, 153, 23,
153: 152, 65,
154: 124,
155: 126,
156: 126,
157: 130,
158: 130,
159: 130,
