174
0: 1, 113,
1: 0, 2, 79, 152, 63, 20, 144,
2: 1, 3, 122,
3: 2, 4, 104, 157, 36,
4: 3, 5, 67, 41,
5: 4, 6, 54,
6: 5, 7, 112, 14,
7: 6, 8, 133, 45, 99, 114, 60, 93,
8: 7, 9, 58, 131, 158,
9: 8, 10, 122, 75,
10: 9, 11, 154, 31, 32, 84, 139,
11: 10, 12, 151,
12: 11, 13, 70,
13: 12, 14, 123,
14: 13, 15, 6,
15: 14, 16, 115,
16: 15, 17, 114,
17: 16, 18, 49, 125,
18: 17, 19, 147,
19: 18, 20, 75,
20: 19, 21, 1,
21: 20, 22, 40,
22: 21, 23, 145,
23: 22, 24, 119, 92, 132,
24: 23, 25, 135,
25: 24, 26, 161,
26: 25, 27, 75, 107,
27: 26, 28, 136,
28: 27, 29, 76,
29: 28, 30, 99,
30: 29, 31, 45, 97, 34, 117, 81, 143, 40,
31: 30, 32, 10,
32: 31, 33, 10, 124,
33: 32, 34, 120,
34: 33, 35, 30,
35: 34, 36, 131, 130,
36: 35, 37, 3,
37: 36, 38, 152,
38: 37, 39, 106,
39: 38, 40, 42, 68, 65, 105, 146,
40: 39, 41, 21, 30,
41: 40, 42, 4, 156, 94,
42: 41, 43, 39,
43: 42, 44, 136, 56,
44: 43, 45, 122,
45: 44, 46, 7, 30,
46: 45, 47, 57, 66,
47: 46, 48, 79,
48: 47, 49, 80, 106,
49: 48, 50, 17,
50: 49, 51, 89, 130,
51: 50, 52, 59, 127,
52: 51, 53, 131, 129, 137, 152,
53: 52, 54, 139, 86, 107,
54: 53, 55, 5,
55: 54, 56, 94, 89, 155,
56: 55, 57, 43,
57: 56, 58, 46, 84,
58: 57, 59, 8,
59: 58, 60, 51,
60: 59, 61, 7,
61: 60, 62, 121,
62: 61, 63, 88, 140, 71, 98, 91,
63: 62, 64, 1, 132, 87,
64: 63, 65, 152, 90,
65: 64, 66, 39,
66: 65, 67, 46,
67: 66, 68, 4, 129,
68: 67, 69, 39, 160,
69: 68, 70, 77,
70: 69, 71, 12, 149,
71: 70, 72, 62, 120, 94, 90,
72: 71, 73, 110,
73: 72, 74, 116,
74: 73, 75, 98, 78,
75: 74, 76, 9, 19, 26,
76: 75, 77, 28,
77: 76, 78, 69, 118,
78: 77, 79, 74,
79: 78, 80, 1, 47,
80: 79, 81, 48, 96,
81: 80, 82, 30, 120, 141, 154, 117,
82: 81, 83, 131, 162, 84,
83: 82, 84, 109, 102, 118,
84: 83, 85, 10, 57, 82, 127, 107,
85: 84, 86, 102,
86: 85, 87, 53,
87: 86, 88, 63,
88: 87, 89, 62, 158,
89: 88, 90, 50, 55, 128, 102,
90: 89, 91, 64, 71, 111,
91: 90, 92, 62, 121,
92: 91, 93, 23,
93: 92, 94, 7,
94: 93, 95, 41, 55, 71,
95: 94, 96, 101, 160,
96: 95, 97, 80, 140,
97: 96, 98, 30,
98: 97, 99, 62, 74, 134,
99: 98, 100, 7, 29,
100: 99, 101, 163, 107, 146, 148, 138, 121, 116,
101: 100, 102, 95, 120,
102: 101, 103, 83, 85, 89,
103: 102, 104, 116,
104: 103, 105, 3,
105: 104, 106, 39,
106: 105, 107, 38, 48,
107: 106, 108, 26, 53, 84, 100, 163,
108: 107, 109, 118,
109: 108, 110, 83,
110: 109, 111, 72,
111: 110, 112, 90,
112: 111, 113, 6,
113: 112, 114, 0,
114: 113, 115, 7, 16,
115: 114, 116, 15, 146,
116: 115, 117, 73, 100, 103,
117: 116, 118, 30, 81,
118: 117, 119, 77, 83, 108,
119: 118, 120, 23,
120: 119, 121, 33, 71, 81, 101,
121: 120, 122, 61, 91, 100,
122: 121, 123, 2, 9, 44,
123: 122, 124, 13,
124: 123, 125, 32,
125: 124, 126, 17, 160,
126: 125, 127, 153, 163, 142,
127: 126, 128, 51, 84, 159,
128: 127, 129, 89,
129: 128, 130, 52, 67,
130: 129, 131, 35, 50, 151,
131: 130, 132, 8, 35, 52, 82,
132: 131, 133, 23, 63,
133: 132, 134, 7, 161, 151, 150, 152, 135, 164, 165,
134: 133, 135, 98,
135: 134, 136, 24, 133, 161, 152, 166, 151, 167, 168, 169, 170,
136: 135, 137, 27, 43,
137: 136, 138, 52,
138: 137, 139, 100,
139: 138, 140, 10, 53,
140: 139, 141, 62, 96,
141: 140, 142, 81,
142: 141, 143, 126,
143: 142, 144, 30,
144: 143, 145, 1,
145: 144, 146, 22,
146: 145, 147, 39, 100, 115,
147: 146, 148, 18,
148: 147, 149, 100,
149: 148, 150, 70,
150: 149, 151, 133,
151: 150, 152, 11, 130, 133, 135, 171,
152: 151, 153, 1, 37, 52, 64, 133, 135, 172, 173,
153: 152, 154, 126,
154: 153, 155, 10, 81,
155: 154, 156, 55,
156: 155, 157, 41,
157: 156, 158, 3,
158: 157, 159, 8, 88,
159: 158, 160, 127,
160: 159, 161, 68, 95, 125,
161: 160, 162, 25, 133, 135,
162: 161, 163, 82,
163: 162, 100, 107, 126,
164: 133,
165: 133,
166: 135,
167: 135,
168: 135,
169: 135,
170: 135,
171: 151,
172: 152,
173: 152,
