108
0: 1, 73, 12,
1: 0, 2, 99, 34,
2: 1, 3, 96, 101,
3: 2, 4, 62,
4: 3, 5, 101, 84,
5: 4, 6, 77,
6: 5, 7, 62,
7: 6, 8, 75,
8: 7, 9, 27,
9: 8, 10, 101,
10: 9, 11, 18, 52, 68,
11: 10, 12, 20, 93,
12: 11, 13, 0,
13: 12, 14, 104, 17, 68, 20,
14: 13, 15, 83, 61,
15: 14, 16, 38, 88,
16: 15, 17, 78,
17: 16, 18, 13,
18: 17, 19, 10,
19: 18, 20, 37,
20: 19, 21, 11, 13,
21: 20, 22, 60,
22: 21, 23, 29,
23: 22, 24, 58,
24: 23, 25, 92,
25: 24, 26, 53,
26: 25, 27, 95,
27: 26, 28, 8,
28: 27, 29, 97,
29: 28, 30, 22, 38, 79,
30: 29, 31, 57, 35,
31: 30, 32, 48,
32: 31, 33, 46, 67,
33: 32, 34, 66,
34: 33, 35, 1, 72, 65,
35: 34, 36, 30,
36: 35, 37, 43, 103,
37: 36, 38, 19,
38: 37, 39, 15, 29, 51, 91,
39: 38, 40, 103,
40: 39, 41, 83,
41: 40, 42, 83, 49,
42: 41, 43, 58, 106, 57,
43: 42, 44, 36,
44: 43, 45, 54, 47,
45: 44, 46, 87, 103,
46: 45, 47, 32, 56, 91,
47: 46, 48, 44, 80,
48: 47, 49, 31,
49: 48, 50, 41,
50: 49, 51, 54, 64, 87,
51: 50, 52, 38, 59,
52: 51, 53, 10,
53: 52, 54, 25,
54: 53, 55, 44, 50,
55: 54, 56, 72,
56: 55, 57, 46, 91, 81,
57: 56, 58, 30, 42,
58: 57, 59, 23, 42,
59: 58, 60, 51,
60: 59, 61, 21,
61: 60, 62, 14,
62: 61, 63, 3, 6,
63: 62, 64, 91, 86,
64: 63, 65, 50,
65: 64, 66, 34, 76,
66: 65, 67, 33,
67: 66, 68, 32,
68: 67, 69, 10, 13,
69: 68, 70, 89, 88,
70: 69, 71, 102,
71: 70, 72, 89,
72: 71, 73, 34, 55,
73: 72, 74, 0, 92, 101,
74: 73, 75, 89,
75: 74, 76, 7, 80,
76: 75, 77, 65,
77: 76, 78, 5, 94, 83,
78: 77, 79, 16, 94,
79: 78, 80, 29,
80: 79, 81, 47, 75, 94,
81: 80, 82, 56,
82: 81, 83, 103,
83: 82, 84, 14, 40, 41, 77, 90, 100,
84: 83, 85, 4,
85: 84, 86, 101, 100,
86: 85, 87, 63,
87: 86, 88, 45, 50,
88: 87, 89, 15, 69,
89: 88, 90, 69, 71, 74,
90: 89, 91, 83,
91: 90, 92, 38, 46, 56, 63,
92: 91, 93, 24, 73,
93: 92, 94, 11,
94: 93, 95, 77, 78, 80,
95: 94, 96, 26,
96: 95, 97, 2,
97: 96, 98, 28,
98: 97, 99, 103, 105, 100,
99: 98, 100, 1,
100: 99, 101, 83, 85, 98,
101: 100, 102, 2, 4, 9, 73, 85,
102: 101, 103, 70, 105,
103: 102, 104, 36, 39, 45, 82, 98, 107,
104: 103, 105, 13,
105: 104, 106, 98, 102,
106: 105, 42,
107: 103,
