107
0: 1, 13,
1: 0, 2, 6,
2: 1, 3, 46,
3: 2, 4, 76, 15,
4: 3, 5, 69,
5: 4, 6, 73, 101,
6: 5, 7, 1,
7: 6, 8, 34,
8: 7, 9, 102,
9: 8, 10, 66, 76,
10: 9, 11, 29,
11: 10, 12, 91,
12: 11, 13, 80, 99, 59, 30, 83,
13: 12, 14, 0,
14: 13, 15, 57, 77, 68,
15: 14, 16, 3, 90,
16: 15, 17, 26,
17: 16, 18, 40, 79,
18: 17, 19, 25,
19: 18, 20, 96,
20: 19, 21, 22,
21: 20, 22, 28,
22: 21, 23, 20,
23: 22, 24, 32, 48, 98, 60,
24: 23, 25, 89, 60, 102, 82,
25: 24, 26, 18, 98,
26: 25, 27, 16,
27: 26, 28, 52,
28: 27, 29, 21, 48, 43, 37, 46,
29: 28, 30, 10, 93, 44, 85,
30: 29, 31, 12,
31: 30, 32, 60, 61,
32: 31, 33, 23,
33: 32, 34, 92,
34: 33, 35, 7, 45, 95,
35: 34, 36, 78, 104, 87,
36: 35, 37, 74, 88, 48, 50,
37: 36, 38, 28,
38: 37, 39, 104, 56,
39: 38, 40, 88,
40: 39, 41, 17,
41: 40, 42, 60, 96, 100, 103,
42: 41, 43, 48, 72, 49,
43: 42, 44, 28,
44: 43, 45, 29,
45: 44, 46, 34, 60,
46: 45, 47, 2, 28, 71, 69,
47: 46, 48, 50, 69,
48: 47, 49, 23, 28, 36, 42,
49: 48, 50, 42,
50: 49, 51, 36, 47,
51: 50, 52, 94,
52: 51, 53, 27,
53: 52, 54, 58, 63, 64,
54: 53, 55, 84, 97, 94, 61,
55: 54, 56, 100,
56: 55, 57, 38, 97,
57: 56, 58, 14,
58: 57, 59, 53,
59: 58, 60, 12,
60: 59, 61, 23, 24, 31, 41, 45,
61: 60, 62, 31, 54, 65, 99,
62: 61, 63, 104,
63: 62, 64, 53,
64: 63, 65, 53, 86,
65: 64, 66, 61, 72,
66: 65, 67, 9,
67: 66, 68, 84,
68: 67, 69, 14,
69: 68, 70, 4, 46, 47,
70: 69, 71, 104,
71: 70, 72, 46,
72: 71, 73, 42, 65,
73: 72, 74, 5,
74: 73, 75, 36,
75: 74, 76, 81, 104, 94, 99,
76: 75, 77, 3, 9,
77: 76, 78, 14,
78: 77, 79, 35,
79: 78, 80, 17,
80: 79, 81, 12,
81: 80, 82, 75, 97,
82: 81, 83, 24,
83: 82, 84, 12,
84: 83, 85, 54, 67,
85: 84, 86, 29,
86: 85, 87, 64,
87: 86, 88, 35,
88: 87, 89, 36, 39,
89: 88, 90, 24,
90: 89, 91, 15,
91: 90, 92, 11,
92: 91, 93, 33,
93: 92, 94, 29,
94: 93, 95, 51, 54, 75,
95: 94, 96, 34,
96: 95, 97, 19, 41,
97: 96, 98, 54, 56, 81,
98: 97, 99, 23, 25,
99: 98, 100, 12, 61, 75, 105, 106,
100: 99, 101, 41, 55,
101: 100, 102, 5,
102: 101, 103, 8, 24,
103: 102, 104, 41,
104: 103, 35, 38, 62, 70, 75,
105: 99,
106: 99,
