103
0: 1, 54,
1: 0, 2, 83, 14, 71, 77,
2: 1, 3, 36, 53, 37,
3: 2, 4, 26, 87,
4: 3, 5, 76,
5: 4, 6, 91,
6: 5, 7, 13,
7: 6, 8, 29,
8: 7, 9, 11,
9: 8, 10, 77, 32,
10: 9, 11, 67,
11: 10, 12, 8,
12: 11, 13, 94,
13: 12, 14, 6, 79,
14: 13, 15, 1, 99,
15: 14, 16, 56,
16: 15, 17, 70, 60, 56,
17: 16, 18, 60,
18: 17, 19, 72,
19: 18, 20, 74,
20: 19, 21, 46, 86, 77,
21: 20, 22, 89, 48, 44,
22: 21, 23, 59,
23: 22, 24, 57,
24: 23, 25, 63,
25: 24, 26, 62, 41, 75, 76,
26: 25, 27, 3,
27: 26, 28, 40,
28: 27, 29, 66, 58, 30,
29: 28, 30, 7,
30: 29, 31, 28, 68,
31: 30, 32, 78, 91,
32: 31, 33, 9, 49, 85,
33: 32, 34, 84,
34: 33, 35, 38, 56, 39, 53,
35: 34, 36, 50, 58,
36: 35, 37, 2,
37: 36, 38, 2, 55,
38: 37, 39, 34,
39: 38, 40, 34,
40: 39, 41, 27, 85,
41: 40, 42, 25,
42: 41, 43, 52, 69,
43: 42, 44, 85,
44: 43, 45, 21,
45: 44, 46, 49, 67,
46: 45, 47, 20,
47: 46, 48, 82,
48: 47, 49, 21, 51, 96,
49: 48, 50, 32, 45, 90,
50: 49, 51, 35,
51: 50, 52, 48, 97,
52: 51, 53, 42,
53: 52, 54, 2, 34,
54: 53, 55, 0, 61,
55: 54, 56, 37,
56: 55, 57, 15, 16, 34,
57: 56, 58, 23, 84,
58: 57, 59, 28, 35,
59: 58, 60, 22,
60: 59, 61, 16, 17, 94, 67,
61: 60, 62, 54, 98,
62: 61, 63, 25,
63: 62, 64, 24, 86,
64: 63, 65, 83,
65: 64, 66, 96,
66: 65, 67, 28,
67: 66, 68, 10, 45, 60,
68: 67, 69, 30,
69: 68, 70, 42,
70: 69, 71, 16,
71: 70, 72, 1,
72: 71, 73, 18,
73: 72, 74, 95,
74: 73, 75, 19,
75: 74, 76, 25,
76: 75, 77, 4, 25,
77: 76, 78, 1, 9, 20,
78: 77, 79, 31, 92,
79: 78, 80, 13,
80: 79, 81, 93, 98,
81: 80, 82, 90, 94,
82: 81, 83, 47,
83: 82, 84, 1, 64, 100,
84: 83, 85, 33, 57, 95, 88,
85: 84, 86, 32, 40, 43,
86: 85, 87, 20, 63,
87: 86, 88, 3,
88: 87, 89, 84,
89: 88, 90, 21,
90: 89, 91, 49, 81, 95,
91: 90, 92, 5, 31,
92: 91, 93, 78,
93: 92, 94, 80,
94: 93, 95, 12, 60, 81,
95: 94, 96, 73, 84, 90, 101, 102,
96: 95, 97, 48, 65,
97: 96, 98, 51,
98: 97, 99, 61, 80,
99: 98, 14,
100: 83,
101: 95,
102: 95,
