105
0: 1, 39,
1: 0, 2, 98, 38,
2: 1, 3, 70, 56, 90, 96, 54,
3: 2, 4, 45, 60,
4: 3, 5, 101, 57, 86, 78,
5: 4, 6, 20, 47, 91,
6: 5, 7, 92,
7: 6, 8, 24,
8: 7, 9, 65, 20,
9: 8, 10, 21, 48,
10: 9, 11, 17, 68, 62,
11: 10, 12, 89,
12: 11, 13, 15, 53, 28, 80, 39, 27,
13: 12, 14, 90, 65, 27,
14: 13, 15, 19, 87,
15: 14, 16, 12,
16: 15, 17, 61, 24, 66,
17: 16, 18, 10, 83, 74,
18: 17, 19, 33, 82, 23,
19: 18, 20, 14,
20: 19, 21, 5, 8,
21: 20, 22, 9, 80,
22: 21, 23, 33, 52, 71, 68,
23: 22, 24, 18, 100,
24: 23, 25, 7, 16, 84,
25: 24, 26, 43,
26: 25, 27, 29, 73,
27: 26, 28, 12, 13, 73, 90, 32, 102,
28: 27, 29, 12, 100,
29: 28, 30, 26, 32,
30: 29, 31, 62, 45, 93, 99, 50, 36,
31: 30, 32, 99,
32: 31, 33, 27, 29,
33: 32, 34, 18, 22,
34: 33, 35, 60,
35: 34, 36, 44,
36: 35, 37, 30, 55, 50, 49, 84, 56,
37: 36, 38, 81,
38: 37, 39, 1,
39: 38, 40, 0, 12,
40: 39, 41, 64, 58, 78, 52,
41: 40, 42, 55,
42: 41, 43, 87,
43: 42, 44, 25,
44: 43, 45, 35, 63, 95,
45: 44, 46, 3, 30,
46: 45, 47, 100,
47: 46, 48, 5,
48: 47, 49, 9,
49: 48, 50, 36,
50: 49, 51, 30, 36,
51: 50, 52, 85, 69,
52: 51, 53, 22, 40, 76,
53: 52, 54, 12,
54: 53, 55, 2,
55: 54, 56, 36, 41,
56: 55, 57, 2, 36,
57: 56, 58, 4,
58: 57, 59, 40, 92,
59: 58, 60, 102,
60: 59, 61, 3, 34, 88,
61: 60, 62, 16,
62: 61, 63, 10, 30,
63: 62, 64, 44, 98,
64: 63, 65, 40,
65: 64, 66, 8, 13,
66: 65, 67, 16,
67: 66, 68, 95, 77, 76, 97,
68: 67, 69, 10, 22,
69: 68, 70, 51, 73,
70: 69, 71, 2,
71: 70, 72, 22, 83,
72: 71, 73, 88, 75, 83,
73: 72, 74, 26, 27, 69,
74: 73, 75, 17, 95, 97,
75: 74, 76, 72,
76: 75, 77, 52, 67,
77: 76, 78, 67,
78: 77, 79, 4, 40,
79: 78, 80, 94, 98, 93, 103, 81,
80: 79, 81, 12, 21,
81: 80, 82, 37, 79,
82: 81, 83, 18,
83: 82, 84, 17, 71, 72,
84: 83, 85, 24, 36,
85: 84, 86, 51,
86: 85, 87, 4,
87: 86, 88, 14, 42,
88: 87, 89, 60, 72,
89: 88, 90, 11,
90: 89, 91, 2, 13, 27,
91: 90, 92, 5,
92: 91, 93, 6, 58, 98, 104,
93: 92, 94, 30, 79,
94: 93, 95, 79,
95: 94, 96, 44, 67, 74,
96: 95, 97, 2,
97: 96, 98, 67, 74,
98: 97, 99, 1, 63, 79, 92,
99: 98, 100, 30, 31,
100: 99, 101, 23, 28, 46,
101: 100, 102, 4,
102: 101, 27, 59,
103: 79,
104: 92,
