105
0: 1, 51,
1: 0, 2, 3,
2: 1, 3, 84,
3: 2, 4, 1,
4: 3, 5, 45, 92,
5: 4, 6, 45, 18, 28,
6: 5, 7, 58,
7: 6, 8, 90, 33,
8: 7, 9, 79, 43, 57, 34, 44,
9: 8, 10, 21,
10: 9, 11, 64,
11: 10, 12, 78, 49,
12: 11, 13, 63,
13: 12, 14, 40,
14: 13, 15, 104, 65, 74,
15: 14, 16, 32,
16: 15, 17, 52,
17: 16, 18, 23,
18: 17, 19, 5, 27,
19: 18, 20, 30, 65,
20: 19, 21, 73,
21: 20, 22, 9,
22: 21, 23, 34, 77,
23: 22, 24, 17, 94, 44, 43,
24: 23, 25, 69,
25: 24, 26, 82, 71, 32, 47,
26: 25, 27, 36, 95,
27: 26, 28, 18,
28: 27, 29, 5,
29: 28, 30, 74,
30: 29, 31, 19,
31: 30, 32, 70,
32: 31, 33, 15, 25,
33: 32, 34, 7,
34: 33, 35, 8, 22, 72,
35: 34, 36, 68, 82,
36: 35, 37, 26,
37: 36, 38, 96,
38: 37, 39, 83,
39: 38, 40, 62, 46,
40: 39, 41, 13, 75,
41: 40, 42, 60,
42: 41, 43, 98, 89,
43: 42, 44, 8, 23, 85,
44: 43, 45, 8, 23,
45: 44, 46, 4, 5, 89,
46: 45, 47, 39,
47: 46, 48, 25,
48: 47, 49, 77, 73,
49: 48, 50, 11, 67, 74, 80,
50: 49, 51, 59, 88, 67,
51: 50, 52, 0,
52: 51, 53, 16,
53: 52, 54, 70, 93, 66,
54: 53, 55, 80, 59,
55: 54, 56, 82, 97,
56: 55, 57, 96,
57: 56, 58, 8,
58: 57, 59, 6,
59: 58, 60, 50, 54,
60: 59, 61, 41, 103,
61: 60, 62, 90, 99,
62: 61, 63, 39,
63: 62, 64, 12,
64: 63, 65, 10,
65: 64, 66, 14, 19, 102, 86,
66: 65, 67, 53,
67: 66, 68, 49, 50,
68: 67, 69, 35,
69: 68, 70, 24, 76, 100, 84,
70: 69, 71, 31, 53, 82, 85,
71: 70, 72, 25,
72: 71, 73, 34,
73: 72, 74, 20, 48, 84,
74: 73, 75, 14, 29, 49,
75: 74, 76, 40, 77, 87, 99, 93, 91,
76: 75, 77, 69,
77: 76, 78, 22, 48, 75,
78: 77, 79, 11, 93,
79: 78, 80, 8,
80: 79, 81, 49, 54,
81: 80, 82, 100,
82: 81, 83, 25, 35, 55, 70, 101,
83: 82, 84, 38,
84: 83, 85, 2, 69, 73, 98,
85: 84, 86, 43, 70,
86: 85, 87, 65,
87: 86, 88, 75,
88: 87, 89, 50,
89: 88, 90, 42, 45,
90: 89, 91, 7, 61,
91: 90, 92, 75,
92: 91, 93, 4,
93: 92, 94, 53, 75, 78, 99,
94: 93, 95, 23,
95: 94, 96, 26,
96: 95, 97, 37, 56,
97: 96, 98, 55,
98: 97, 99, 42, 84,
99: 98, 100, 61, 75, 93,
100: 99, 101, 69, 81,
101: 100, 102, 82,
102: 101, 103, 65,
103: 102, 104, 60,
104: 103, 14,
