55
0: 1, 34,
1: 0, 2, 41,
2: 1, 3, 26,
3: 2, 4, 12,
4: 3, 5, 47,
5: 4, 6, 16,
6: 5, 7, 54,
7: 6, 8, 38,
8: 7, 9, 33,
9: 8, 10, 19,
10: 9, 11, 29,
11: 10, 12, 52,
12: 11, 13, 3,
13: 12, 14, 18,
14: 13, 15, 42,
15: 14, 16, 17,
16: 15, 17, 5,
17: 16, 18, 15, 39,
18: 17, 19, 13,
19: 18, 20, 9,
20: 19, 21, 43, 28,
21: 20, 22, 30, 44,
22: 21, 23, 31, 37,
23: 22, 24, 48, 51,
24: 23, 25, 53,
25: 24, 26, 50, 40,
26: 25, 27, 2, 53,
27: 26, 28, 37,
28: 27, 29, 20,
29: 28, 30, 10,
30: 29, 31, 21,
31: 30, 32, 22,
32: 31, 33, 45, 49,
33: 32, 34, 8,
34: 33, 35, 0,
35: 34, 36, 46,
36: 35, 37, 49,
37: 36, 38, 22, 27,
38: 37, 39, 7,
39: 38, 40, 17,
40: 39, 41, 25,
41: 40, 42, 1,
42: 41, 43, 14,
43: 42, 44, 20,
44: 43, 45, 21,
45: 44, 46, 32, 48,
46: 45, 47, 35,
47: 46, 48, 4,
48: 47, 49, 23, 45,
49: 48, 50, 32, 36,
50: 49, 51, 25,
51: 50, 52, 23,
52: 51, 53, 11,
53: 52, 54, 24, 26,
54: 53, 6,
