56
0: 1, 47, 48,
1: 0, 2, 7,
2: 1, 3, 39,
3: 2, 4, 25,
4: 3, 5, 41, 54,
5: 4, 6, 29, 28,
6: 5, 7, 46, 38,
7: 6, 8, 1,
8: 7, 9, 24,
9: 8, 10, 32, 26,
10: 9, 11, 47,
11: 10, 12, 16,
12: 11, 13, 52, 43,
13: 12, 14, 17,
14: 13, 15, 45,
15: 14, 16, 31,
16: 15, 17, 11,
17: 16, 18, 13,
18: 17, 19, 21, 20,
19: 18, 20, 37,
20: 19, 21, 18,
21: 20, 22, 18,
22: 21, 23, 30, 51,
23: 22, 24, 54,
24: 23, 25, 8,
25: 24, 26, 3,
26: 25, 27, 9, 42,
27: 26, 28, 49,
28: 27, 29, 5,
29: 28, 30, 5,
30: 29, 31, 22,
31: 30, 32, 15,
32: 31, 33, 9,
33: 32, 34, 36,
34: 33, 35, 42, 44,
35: 34, 36, 49,
36: 35, 37, 33,
37: 36, 38, 19,
38: 37, 39, 6,
39: 38, 40, 2,
40: 39, 41, 53, 50,
41: 40, 42, 4,
42: 41, 43, 26, 34,
43: 42, 44, 12,
44: 43, 45, 34,
45: 44, 46, 14,
46: 45, 47, 6,
47: 46, 48, 0, 10,
48: 47, 49, 0,
49: 48, 50, 27, 35,
50: 49, 51, 40,
51: 50, 52, 22, 55,
52: 51, 53, 12,
53: 52, 54, 40,
54: 53, 4, 23,
55: 51,
