53
0: 1, 3,
1: 0, 2, 35, 4,
2: 1, 3, 38, 37,
3: 2, 4, 0,
4: 3, 5, 1,
5: 4, 6, 15,
6: 5, 7, 44,
7: 6, 8, 20,
8: 7, 9, 46,
9: 8, 10, 28,
10: 9, 11, 25,
11: 10, 12, 18,
12: 11, 13, 42,
13: 12, 14, 17, 30,
14: 13, 15, 40, 29,
15: 14, 16, 5,
16: 15, 17, 36, 22,
17: 16, 18, 13,
18: 17, 19, 11,
19: 18, 20, 47,
20: 19, 21, 7, 45,
21: 20, 22, 25, 24,
22: 21, 23, 16,
23: 22, 24, 45,
24: 23, 25, 21,
25: 24, 26, 10, 21,
26: 25, 27, 33,
27: 26, 28, 41,
28: 27, 29, 9, 48,
29: 28, 30, 14,
30: 29, 31, 13,
31: 30, 32, 37,
32: 31, 33, 43, 39,
33: 32, 34, 26,
34: 33, 35, 49, 50,
35: 34, 36, 1,
36: 35, 37, 16,
37: 36, 38, 2, 31,
38: 37, 39, 2,
39: 38, 40, 32,
40: 39, 41, 14,
41: 40, 42, 27,
42: 41, 43, 12,
43: 42, 44, 32,
44: 43, 45, 6,
45: 44, 46, 20, 23,
46: 45, 47, 8,
47: 46, 48, 19,
48: 47, 49, 28, 51,
49: 48, 34, 52,
50: 34,
51: 48,
52: 49,
