57
0: 1, 15,
1: 0, 2, 20,
2: 1, 3, 51,
3: 2, 4, 52,
4: 3, 5, 42, 35,
5: 4, 6, 41,
6: 5, 7, 26,
7: 6, 8, 38,
8: 7, 9, 43, 22,
9: 8, 10, 17,
10: 9, 11, 47, 26,
11: 10, 12, 54,
12: 11, 13, 55,
13: 12, 14, 24,
14: 13, 15, 48,
15: 14, 16, 0,
16: 15, 17, 52, 29,
17: 16, 18, 9, 53,
18: 17, 19, 34,
19: 18, 20, 45, 25,
20: 19, 21, 1, 28,
21: 20, 22, 30,
22: 21, 23, 8,
23: 22, 24, 33,
24: 23, 25, 13,
25: 24, 26, 19, 32,
26: 25, 27, 6, 10,
27: 26, 28, 44,
28: 27, 29, 20,
29: 28, 30, 16,
30: 29, 31, 21,
31: 30, 32, 40,
32: 31, 33, 25,
33: 32, 34, 23,
34: 33, 35, 18, 36,
35: 34, 36, 4, 37,
36: 35, 37, 34,
37: 36, 38, 35,
38: 37, 39, 7,
39: 38, 40, 49,
40: 39, 41, 31, 46,
41: 40, 42, 5,
42: 41, 43, 4,
43: 42, 44, 8,
44: 43, 45, 27,
45: 44, 46, 19,
46: 45, 47, 40, 50,
47: 46, 48, 10,
48: 47, 49, 14,
49: 48, 50, 39,
50: 49, 51, 46, 56,
51: 50, 52, 2,
52: 51, 53, 3, 16,
53: 52, 54, 17,
54: 53, 55, 11,
55: 54, 12,
56: 50,
