55
0: 1, 20,
1: 0, 2, 35,
2: 1, 3, 49,
3: 2, 4, 49,
4: 3, 5, 20,
5: 4, 6, 27,
6: 5, 7, 14,
7: 6, 8, 48,
8: 7, 9, 36,
9: 8, 10, 50,
10: 9, 11, 28,
11: 10, 12, 19, 44,
12: 11, 13, 42, 29,
13: 12, 14, 34,
14: 13, 15, 6,
15: 14, 16, 44,
16: 15, 17, 46, 43,
17: 16, 18, 37,
18: 17, 19, 21, 38,
19: 18, 20, 11,
20: 19, 21, 0, 4,
21: 20, 22, 18,
22: 21, 23, 31,
23: 22, 24, 51,
24: 23, 25, 32, 33,
25: 24, 26, 30,
26: 25, 27, 38,
27: 26, 28, 5,
28: 27, 29, 10, 52,
29: 28, 30, 12, 41,
30: 29, 31, 25, 39,
31: 30, 32, 22,
32: 31, 33, 24,
33: 32, 34, 24,
34: 33, 35, 13, 40,
35: 34, 36, 1,
36: 35, 37, 8,
37: 36, 38, 17,
38: 37, 39, 18, 26,
39: 38, 40, 30,
40: 39, 41, 34,
41: 40, 42, 29, 45,
42: 41, 43, 12,
43: 42, 44, 16,
44: 43, 45, 11, 15,
45: 44, 46, 41, 53,
46: 45, 47, 16,
47: 46, 48, 54,
48: 47, 49, 7,
49: 48, 50, 2, 3,
50: 49, 51, 9,
51: 50, 52, 23,
52: 51, 28,
53: 45,
54: 47,
