119
0: 1, 67,
1: 0, 2, 77, 94,
2: 1, 3, 103, 33, 72, 5,
3: 2, 4, 106, 61,
4: 3, 5, 98, 93, 84,
5: 4, 6, 2, 39,
6: 5, 7, 85, 14, 89, 40,
7: 6, 8, 22,
8: 7, 9, 18, 55, 13, 12, 92, 26,
9: 8, 10, 87, 36, 39, 75,
10: 9, 11, 18,
11: 10, 12, 29, 53, 88, 35, 41,
12: 11, 13, 8,
13: 12, 14, 8, 42, 23, 87, 77, 82, 76,
14: 13, 15, 6, 64,
15: 14, 16, 109,
16: 15, 17, 56,
17: 16, 18, 54, 30,
18: 17, 19, 8, 10, 93, 64, 76, 60, 59, 32,
19: 18, 20, 41,
20: 19, 21, 78, 69, 81,
21: 20, 22, 79, 98, 31,
22: 21, 23, 7, 47,
23: 22, 24, 13,
24: 23, 25, 99,
25: 24, 26, 63, 71, 111, 67, 60, 68, 28, 33,
26: 25, 27, 8,
27: 26, 28, 43, 90,
28: 27, 29, 25,
29: 28, 30, 11,
30: 29, 31, 17,
31: 30, 32, 21,
32: 31, 33, 18,
33: 32, 34, 2, 25, 90,
34: 33, 35, 66,
35: 34, 36, 11,
36: 35, 37, 9, 51, 43,
37: 36, 38, 80, 83,
38: 37, 39, 98,
39: 38, 40, 5, 9,
40: 39, 41, 6,
41: 40, 42, 11, 19,
42: 41, 43, 13, 97,
43: 42, 44, 27, 36, 47, 77, 86, 69,
44: 43, 45, 95,
45: 44, 46, 84,
46: 45, 47, 99, 112,
47: 46, 48, 22, 43, 96, 65, 70, 108, 102, 71, 54,
48: 47, 49, 61, 63,
49: 48, 50, 111, 60,
50: 49, 51, 105, 74,
51: 50, 52, 36,
52: 51, 53, 107,
53: 52, 54, 11,
54: 53, 55, 17, 47, 101,
55: 54, 56, 8,
56: 55, 57, 16,
57: 56, 58, 93,
58: 57, 59, 74,
59: 58, 60, 18, 91,
60: 59, 61, 18, 25, 49, 90,
61: 60, 62, 3, 48, 112, 70, 104,
62: 61, 63, 100,
63: 62, 64, 25, 48,
64: 63, 65, 14, 18,
65: 64, 66, 47,
66: 65, 67, 34, 114, 85,
67: 66, 68, 0, 25,
68: 67, 69, 25,
69: 68, 70, 20, 43,
70: 69, 71, 47, 61, 96, 103, 99, 113, 110, 94,
71: 70, 72, 25, 47, 73, 96, 81,
72: 71, 73, 2,
73: 72, 74, 71, 81,
74: 73, 75, 50, 58,
75: 74, 76, 9,
76: 75, 77, 13, 18,
77: 76, 78, 1, 13, 43,
78: 77, 79, 20,
79: 78, 80, 21, 99, 109, 83, 104, 93, 114, 108, 103, 115,
80: 79, 81, 37,
81: 80, 82, 20, 71, 73, 99, 104, 116, 103,
82: 81, 83, 13,
83: 82, 84, 37, 79,
84: 83, 85, 4, 45,
85: 84, 86, 6, 66, 104, 99,
86: 85, 87, 43,
87: 86, 88, 9, 13,
88: 87, 89, 11,
89: 88, 90, 6,
90: 89, 91, 27, 33, 60,
91: 90, 92, 59,
92: 91, 93, 8,
93: 92, 94, 4, 18, 57, 79,
94: 93, 95, 1, 70,
95: 94, 96, 44,
96: 95, 97, 47, 70, 71,
97: 96, 98, 42,
98: 97, 99, 4, 21, 38,
99: 98, 100, 24, 46, 70, 79, 81, 85,
100: 99, 101, 62,
101: 100, 102, 54,
102: 101, 103, 47,
103: 102, 104, 2, 70, 79, 81, 117, 118,
104: 103, 105, 61, 79, 81, 85,
105: 104, 106, 50,
106: 105, 107, 3,
107: 106, 108, 52,
108: 107, 109, 47, 79,
109: 108, 110, 15, 79,
110: 109, 111, 70,
111: 110, 112, 25, 49,
112: 111, 113, 46, 61,
113: 112, 114, 70,
114: 113, 66, 79,
115: 79,
116: 81,
117: 103,
118: 103,
