105
0: 1, 54,
1: 0, 2, 83, 14, 71, 77, 36, 53,
2: 1, 3, 37, 26, 87,
3: 2, 4, 76, 91,
4: 3, 5, 13,
5: 4, 6, 29,
6: 5, 7, 11,
7: 6, 8, 77,
8: 7, 9, 32,
9: 8, 10, 67, 94,
10: 9, 11, 79,
11: 10, 12, 6,
12: 11, 13, 99,
13: 12, 14, 4, 56,
14: 13, 15, 1, 70, 60,
15: 14, 16, 56,
16: 15, 17, 60, 72, 74, 46,
17: 16, 18, 20,
18: 17, 19, 86,
19: 18, 20, 77,
20: 19, 21, 17, 89, 48,
21: 20, 22, 44, 59, 57,
22: 21, 23, 63,
23: 22, 24, 62,
24: 23, 25, 41,
25: 24, 26, 75, 76, 40, 66,
26: 25, 27, 2,
27: 26, 28, 58,
28: 27, 29, 30, 68, 78,
29: 28, 30, 5,
30: 29, 31, 28, 91,
31: 30, 32, 49, 85,
32: 31, 33, 8, 84, 38,
33: 32, 34, 56,
34: 33, 35, 39, 53, 50, 58,
35: 34, 36, 55, 85,
36: 35, 37, 1,
37: 36, 38, 2, 52,
38: 37, 39, 32,
39: 38, 40, 34,
40: 39, 41, 25, 53,
41: 40, 42, 24,
42: 41, 43, 69, 85,
43: 42, 44, 49,
44: 43, 45, 21,
45: 44, 46, 67, 82,
46: 45, 47, 16,
47: 46, 48, 51,
48: 47, 49, 20, 96, 90,
49: 48, 50, 31, 43, 97,
50: 49, 51, 34,
51: 50, 52, 47, 61,
52: 51, 53, 37,
53: 52, 54, 1, 34, 40,
54: 53, 55, 0, 84,
55: 54, 56, 35,
56: 55, 57, 13, 15, 33, 94,
57: 56, 58, 21, 67,
58: 57, 59, 27, 34,
59: 58, 60, 21,
60: 59, 61, 14, 16, 98, 86, 83,
61: 60, 62, 51, 65,
62: 61, 63, 23,
63: 62, 64, 22, 96,
64: 63, 65, 95,
65: 64, 66, 61,
66: 65, 67, 25,
67: 66, 68, 9, 45, 57,
68: 67, 69, 28,
69: 68, 70, 42,
70: 69, 71, 14,
71: 70, 72, 1,
72: 71, 73, 16,
73: 72, 74, 92,
74: 73, 75, 16,
75: 74, 76, 25,
76: 75, 77, 3, 25,
77: 76, 78, 1, 7, 19,
78: 77, 79, 28, 93,
79: 78, 80, 10,
80: 79, 81, 98, 90,
81: 80, 82, 94, 84,
82: 81, 83, 45,
83: 82, 84, 1, 60, 100,
84: 83, 85, 32, 54, 81, 95, 88,
85: 84, 86, 31, 35, 42, 88,
86: 85, 87, 18, 60,
87: 86, 88, 2,
88: 87, 89, 84, 85,
89: 88, 90, 20,
90: 89, 91, 48, 80, 95, 101,
91: 90, 92, 3, 30,
92: 91, 93, 73,
93: 92, 94, 78,
94: 93, 95, 9, 56, 81,
95: 94, 96, 64, 84, 90, 102, 103, 104,
96: 95, 97, 48, 63,
97: 96, 98, 49,
98: 97, 99, 60, 80,
99: 98, 12,
100: 83,
101: 90,
102: 95,
103: 95,
104: 95,
