107
0: 1, 67, 77,
1: 0, 2, 49,
2: 1, 3, 72,
3: 2, 4, 81, 9, 42, 7, 32,
4: 3, 5, 89,
5: 4, 6, 101, 103,
6: 5, 7, 46,
7: 6, 8, 3, 90, 98,
8: 7, 9, 55, 17,
9: 8, 10, 3, 91,
10: 9, 11, 99, 24,
11: 10, 12, 64, 84, 37,
12: 11, 13, 18, 47,
13: 12, 14, 54,
14: 13, 15, 27,
15: 14, 16, 57, 62, 60,
16: 15, 17, 27, 104,
17: 16, 18, 8, 36,
18: 17, 19, 12,
19: 18, 20, 83, 25,
20: 19, 21, 44,
21: 20, 22, 31,
22: 21, 23, 75,
23: 22, 24, 38,
24: 23, 25, 10, 59,
25: 24, 26, 19, 29,
26: 25, 27, 59,
27: 26, 28, 14, 16,
28: 27, 29, 85, 56,
29: 28, 30, 25, 71,
30: 29, 31, 46, 90, 77,
31: 30, 32, 21, 68, 62,
32: 31, 33, 3,
33: 32, 34, 97,
34: 33, 35, 86,
35: 34, 36, 73,
36: 35, 37, 17,
37: 36, 38, 11, 55,
38: 37, 39, 23,
39: 38, 40, 70, 103, 43, 78, 66,
40: 39, 41, 96,
41: 40, 42, 93,
42: 41, 43, 3,
43: 42, 44, 39,
44: 43, 45, 20,
45: 44, 46, 63,
46: 45, 47, 6, 30, 80, 65, 83, 100, 95,
47: 46, 48, 12,
48: 47, 49, 51,
49: 48, 50, 1,
50: 49, 51, 88, 84, 92,
51: 50, 52, 48, 68,
52: 51, 53, 81, 74, 58,
53: 52, 54, 67,
54: 53, 55, 13,
55: 54, 56, 8, 37,
56: 55, 57, 28,
57: 56, 58, 15,
58: 57, 59, 52, 102, 67, 100, 77, 68, 87,
59: 58, 60, 24, 26,
60: 59, 61, 15, 76,
61: 60, 62, 68, 77, 69,
62: 61, 63, 15, 31, 88, 82,
63: 62, 64, 45,
64: 63, 65, 11,
65: 64, 66, 46,
66: 65, 67, 39,
67: 66, 68, 0, 53, 58, 88,
68: 67, 69, 31, 51, 58, 61, 70, 79,
69: 68, 70, 61,
70: 69, 71, 39, 68,
71: 70, 72, 29,
72: 71, 73, 2,
73: 72, 74, 35,
74: 73, 75, 52,
75: 74, 76, 22,
76: 75, 77, 60, 79, 102,
77: 76, 78, 0, 30, 58, 61, 94, 102, 80, 100, 82,
78: 77, 79, 39,
79: 78, 80, 68, 76,
80: 79, 81, 46, 77,
81: 80, 82, 3, 52,
82: 81, 83, 62, 77, 102, 92, 94,
83: 82, 84, 19, 46,
84: 83, 85, 11, 50,
85: 84, 86, 28,
86: 85, 87, 34,
87: 86, 88, 58,
88: 87, 89, 50, 62, 67,
89: 88, 90, 4,
90: 89, 91, 7, 30,
91: 90, 92, 9,
92: 91, 93, 50, 82, 94, 102, 100, 105,
93: 92, 94, 41,
94: 93, 95, 77, 82, 92,
95: 94, 96, 46,
96: 95, 97, 40,
97: 96, 98, 33,
98: 97, 99, 7,
99: 98, 100, 10,
100: 99, 101, 46, 58, 77, 92, 106,
101: 100, 102, 5,
102: 101, 103, 58, 76, 77, 82, 92,
103: 102, 104, 5, 39,
104: 103, 16,
105: 92,
106: 100,
