115
0: 1, 75,
1: 0, 2, 110,
2: 1, 3, 95,
3: 2, 4, 107, 105,
4: 3, 5, 102, 54,
5: 4, 6, 14,
6: 5, 7, 56, 31,
7: 6, 8, 21, 54,
8: 7, 9, 103, 52,
9: 8, 10, 109,
10: 9, 11, 94, 111,
11: 10, 12, 79, 113,
12: 11, 13, 95,
13: 12, 14, 35, 15,
14: 13, 15, 5,
15: 14, 16, 13,
16: 15, 17, 72, 100, 45, 82, 101, 59,
17: 16, 18, 92,
18: 17, 19, 28, 95,
19: 18, 20, 45,
20: 19, 21, 74, 36,
21: 20, 22, 7,
22: 21, 23, 33,
23: 22, 24, 27, 112,
24: 23, 25, 39,
25: 24, 26, 75, 78,
26: 25, 27, 89,
27: 26, 28, 23, 29,
28: 27, 29, 18, 51, 63,
29: 28, 30, 27, 59, 83,
30: 29, 31, 67,
31: 30, 32, 6, 67, 61, 53, 49, 72,
32: 31, 33, 91, 71,
33: 32, 34, 22, 94, 109,
34: 33, 35, 64,
35: 34, 36, 13,
36: 35, 37, 20, 68,
37: 36, 38, 108,
38: 37, 39, 94,
39: 38, 40, 24,
40: 39, 41, 49, 108,
41: 40, 42, 81,
42: 41, 43, 69,
43: 42, 44, 88, 60, 84, 66, 71, 53,
44: 43, 45, 111,
45: 44, 46, 16, 19, 64, 47, 56, 108,
46: 45, 47, 111,
47: 46, 48, 45, 67,
48: 47, 49, 89,
49: 48, 50, 31, 40,
50: 49, 51, 64, 62,
51: 50, 52, 28,
52: 51, 53, 8, 61, 98,
53: 52, 54, 31, 43,
54: 53, 55, 4, 7,
55: 54, 56, 104, 72,
56: 55, 57, 6, 45,
57: 56, 58, 85, 93,
58: 57, 59, 85,
59: 58, 60, 16, 29, 97,
60: 59, 61, 43, 76, 65, 92, 73, 104, 82,
61: 60, 62, 31, 52,
62: 61, 63, 50, 111,
63: 62, 64, 28,
64: 63, 65, 34, 45, 50, 106, 89,
65: 64, 66, 60,
66: 65, 67, 43,
67: 66, 68, 30, 31, 47,
68: 67, 69, 36,
69: 68, 70, 42, 87, 113, 78, 90, 93,
70: 69, 71, 72, 113,
71: 70, 72, 32, 43,
72: 71, 73, 16, 31, 55, 70, 104,
73: 72, 74, 60,
74: 73, 75, 20,
75: 74, 76, 0, 25,
76: 75, 77, 60,
77: 76, 78, 96,
78: 77, 79, 25, 69,
79: 78, 80, 11,
80: 79, 81, 107,
81: 80, 82, 41,
82: 81, 83, 16, 60,
83: 82, 84, 29,
84: 83, 85, 43,
85: 84, 86, 57, 58, 106,
86: 85, 87, 96, 102,
87: 86, 88, 69,
88: 87, 89, 43,
89: 88, 90, 26, 48, 64,
90: 89, 91, 69, 109,
91: 90, 92, 32,
92: 91, 93, 17, 60, 98,
93: 92, 94, 57, 69,
94: 93, 95, 10, 33, 38,
95: 94, 96, 2, 12, 18,
96: 95, 97, 77, 86,
97: 96, 98, 59,
98: 97, 99, 52, 92,
99: 98, 100, 101, 114,
100: 99, 101, 16,
101: 100, 102, 16, 99,
102: 101, 103, 4, 86,
103: 102, 104, 8,
104: 103, 105, 55, 60, 72,
105: 104, 106, 3,
106: 105, 107, 64, 85,
107: 106, 108, 3, 80,
108: 107, 109, 37, 40, 45,
109: 108, 110, 9, 33, 90,
110: 109, 111, 1,
111: 110, 112, 10, 44, 46, 62,
112: 111, 113, 23,
113: 112, 11, 69, 70,
114: 99,
