114
0: 1, 62,
1: 0, 2, 47,
2: 1, 3, 52, 16,
3: 2, 4, 51, 98,
4: 3, 5, 99, 76, 48, 105,
5: 4, 6, 99, 17,
6: 5, 7, 84,
7: 6, 8, 10, 17, 95, 87, 65, 41, 29,
8: 7, 9, 101,
9: 8, 10, 93, 24,
10: 9, 11, 7, 59,
11: 10, 12, 71, 97,
12: 11, 13, 64, 40, 26,
13: 12, 14, 96,
14: 13, 15, 100,
15: 14, 16, 69,
16: 15, 17, 2,
17: 16, 18, 5, 7, 26, 36, 50,
18: 17, 19, 105, 49,
19: 18, 20, 53, 82, 86,
20: 19, 21, 27,
21: 20, 22, 71,
22: 21, 23, 58, 80,
23: 22, 24, 26,
24: 23, 25, 9, 82, 29,
25: 24, 26, 82, 38, 33,
26: 25, 27, 12, 17, 23, 29,
27: 26, 28, 20,
28: 27, 29, 74,
29: 28, 30, 7, 24, 26, 95,
30: 29, 31, 58, 103,
31: 30, 32, 66, 64,
32: 31, 33, 104,
33: 32, 34, 25, 47, 78, 70,
34: 33, 35, 74,
35: 34, 36, 104, 68,
36: 35, 37, 17,
37: 36, 38, 93, 60, 85,
38: 37, 39, 25,
39: 38, 40, 92, 81, 61, 91, 104, 53, 44, 45, 94, 80,
40: 39, 41, 12,
41: 40, 42, 7,
42: 41, 43, 106,
43: 42, 44, 67, 89, 75,
44: 43, 45, 39,
45: 44, 46, 39, 90, 88,
46: 45, 47, 79,
47: 46, 48, 1, 33,
48: 47, 49, 4,
49: 48, 50, 18,
50: 49, 51, 17,
51: 50, 52, 3,
52: 51, 53, 2,
53: 52, 54, 19, 39, 75, 57,
54: 53, 55, 67, 75,
55: 54, 56, 102, 73, 59,
56: 55, 57, 64, 65,
57: 56, 58, 53, 72, 75, 85, 102,
58: 57, 59, 22, 30,
59: 58, 60, 10, 55,
60: 59, 61, 37,
61: 60, 62, 39,
62: 61, 63, 0,
63: 62, 64, 89,
64: 63, 65, 12, 31, 56, 88, 102, 77,
65: 64, 66, 7, 56,
66: 65, 67, 31,
67: 66, 68, 43, 54,
68: 67, 69, 35,
69: 68, 70, 15,
70: 69, 71, 33,
71: 70, 72, 11, 21,
72: 71, 73, 57,
73: 72, 74, 55, 83, 81, 85, 75,
74: 73, 75, 28, 34,
75: 74, 76, 43, 53, 54, 57, 73, 107,
76: 75, 77, 4,
77: 76, 78, 64,
78: 77, 79, 33,
79: 78, 80, 46,
80: 79, 81, 22, 39,
81: 80, 82, 39, 73,
82: 81, 83, 19, 24, 25,
83: 82, 84, 73,
84: 83, 85, 6,
85: 84, 86, 37, 57, 73, 102, 89,
86: 85, 87, 19,
87: 86, 88, 7,
88: 87, 89, 45, 64, 108,
89: 88, 90, 43, 63, 85, 109, 110,
90: 89, 91, 45,
91: 90, 92, 39,
92: 91, 93, 39,
93: 92, 94, 9, 37,
94: 93, 95, 39,
95: 94, 96, 7, 29,
96: 95, 97, 13,
97: 96, 98, 11,
98: 97, 99, 3,
99: 98, 100, 4, 5,
100: 99, 101, 14,
101: 100, 102, 8,
102: 101, 103, 55, 57, 64, 85, 111, 112, 113,
103: 102, 104, 30,
104: 103, 105, 32, 35, 39,
105: 104, 106, 4, 18,
106: 105, 42,
107: 75,
108: 88,
109: 89,
110: 89,
111: 102,
112: 102,
113: 102,
