0.111111 0.0
0.125000 0.0
0.142857 0.0
0.166667 0.0
0.200000 0.0
0.222222 0.0
0.250000 0.0
0.285714 0.0
0.333333 0.0
0.375000 0.0
0.400000 0.0
,0.428571 0
0.444444 0.0
0.500000 0.0
0.555556 0.0
0.571429 0.0
0.600000 0.0
0.625000 0.0
0.666667 0.0
0.714286 0.0
0.750000 0.0
0.777778 0.0
0.800000 0.0
0.833333 0.0
0.857143 0.0
0.875000 0.0
0.888889 0.0
1.000000 0.3846454391111027
1.111111 2.7100123080000063
1.125000 2.7442497213333397
1.142857 2.7324497800000076
1.166667 2.7074967320000067
1.200000 2.7390826200000067
1.250000 6.327913524666639
1.285714 9.442461711999984
1.333333 6.146681767999965
1.400000 9.579208299999976
1.428571 30.09759123600003
1.500000 13.716205749333247
1.600000 29.7828670866667
1.666667 44.32190700466664
1.750000 29.621216772000025
2.000000 43.53135431653413
2.250000 97.03303501199959
2.333333 78.38187166266678
2.500000 63.92230909733276
2.666667 96.92236648266629
3.000000 62.15070335955565
3.333333 98.70334078799934
3.500000 97.01887181466631
4.000000 64.34464734999938
4.500000 98.70334078799934
5.000000 88.5838839946663
6.000000 96.86193503466623
7.000000 98.65058829466602
8.000000 98.70334078799934
9.000000 98.70505018933267
10.000000 98.70505018933267
