0.111111 0.0
0.125000 0.0
0.142857 0.0
0.166667 0.0
0.200000 0.0
0.222222 0.0
0.250000 0.0
0.285714 0.0
0.333333 0.0
0.375000 0.0
0.400000 0.0
,0.428571 0
0.444444 0.0
0.500000 0.0
0.555556 0.0
0.571429 0.0
0.600000 0.0
0.625000 0.0
0.666667 0.0
0.714286 0.0
0.750000 0.0
0.777778 0.0
0.800000 0.0
0.833333 0.0
0.857143 0.0
0.875000 0.0
0.888889 0.0
1.000000 0.519820572444458
1.111111 5.154496614000016
1.125000 4.903236938000015
1.142857 4.96959562400001
1.166667 4.982749038000015
1.200000 4.946891656000016
1.250000 13.403892334999982
1.285714 21.735910228000005
1.333333 13.366888303999968
1.400000 22.006233528000028
1.428571 57.79534785599986
1.500000 28.561470460666833
1.600000 59.05627705399979
1.666667 57.115691843999734
1.750000 59.177958733999816
2.000000 55.15357200200083
2.250000 97.97271549199941
2.333333 93.93558657999945
2.500000 78.67959116200055
2.666667 97.9517928899994
3.000000 71.1415005280006
3.333333 98.09062631999943
3.500000 97.96765864199939
4.000000 78.25034066700049
4.500000 98.09062631999943
5.000000 95.91889397000088
6.000000 97.9517543939994
7.000000 98.09062631999943
8.000000 98.09062631999943
9.000000 98.09062631999943
10.000000 98.09062631999943
