0.111111 0.0
0.125000 0.0
0.142857 0.0
0.166667 0.0
0.200000 0.0
0.222222 0.0
0.250000 0.0
0.285714 0.0
0.333333 0.0
0.375000 0.0
0.400000 0.0
,0.428571 0
0.444444 0.0
0.500000 0.0
0.555556 0.0
0.571429 0.0
0.600000 0.0
0.625000 0.0
0.666667 0.0
0.714286 0.0
0.750000 0.0
0.777778 0.0
0.800000 0.0
0.833333 0.0
0.857143 0.0
0.875000 0.0
0.888889 0.0
1.000000 0.3662984887407666
1.111111 3.3371914186666825
1.125000 3.3171676746666865
1.142857 3.316265133333352
1.166667 3.1787699106666825
1.200000 3.3481705640000166
1.250000 8.154672038666646
1.285714 13.182019388000027
1.333333 8.05112699733332
1.400000 12.79301355066668
1.428571 50.4487148586665
1.500000 22.056475249333293
1.600000 50.23269306933324
1.666667 53.24936155133351
1.750000 50.922281673333124
2.000000 51.762084145065224
2.250000 98.58063323200021
2.333333 93.98133531466651
2.500000 74.28974061000145
2.666667 98.56691792666689
3.000000 68.45283604666605
3.333333 98.71465987866686
3.500000 98.58419856666688
4.000000 74.31916100066805
4.500000 98.71465987866686
5.000000 96.41192681599948
6.000000 98.58268420933356
7.000000 98.7129932120002
8.000000 98.71465987866686
9.000000 98.71465987866686
10.000000 98.71465987866686
