0.111111 0.0
0.125000 0.0
0.142857 0.0
0.166667 0.0
0.200000 0.0
0.222222 0.0
0.250000 0.0
0.285714 0.0
0.333333 0.0
0.375000 0.0
0.400000 0.0
,0.428571 0
0.444444 0.0
0.500000 0.0
0.555556 0.0
0.571429 0.0
0.600000 0.0
0.625000 0.0
0.666667 0.0
0.714286 0.0
0.750000 0.0
0.777778 0.0
0.800000 0.0
0.833333 0.0
0.857143 0.0
0.875000 0.0
0.888889 0.0
1.000000 0.37200247185184
1.111111 2.61654531333332
1.125000 2.608458035999987
1.142857 2.8724779519999895
1.166667 2.650159873333323
1.200000 2.6412364973333187
1.250000 4.897452071999992
1.285714 7.275951686666618
1.333333 4.985344343333317
1.400000 7.327270074666611
1.428571 16.956506777333335
1.500000 8.883647344888834
1.600000 16.623425688000005
1.666667 23.494340690000055
1.750000 16.76894665733333
2.000000 29.096564262399802
2.250000 78.58831326666711
2.333333 40.221331602666645
2.500000 57.1800074379997
2.666667 77.9081367920004
3.000000 47.91249037822186
3.333333 98.62253476133353
3.500000 79.09265646800041
4.000000 57.17570544199967
4.500000 98.61814372933354
5.000000 69.32014746066598
6.000000 77.8258673000004
7.000000 97.1971633013337
8.000000 98.61907141200021
9.000000 98.68553766000012
10.000000 98.68553766000012
