0.111111 0.0
0.125000 0.0
0.142857 0.0
0.166667 0.0
0.200000 0.0
0.222222 0.0
0.250000 0.0
0.285714 0.0
0.333333 0.0
0.375000 0.0
0.400000 0.0
,0.428571 0
0.444444 0.0
0.500000 0.0
0.555556 0.0
0.571429 0.0
0.600000 0.0
0.625000 0.0
0.666667 0.0
0.714286 0.0
0.750000 0.0
0.777778 0.0
0.800000 0.0
0.833333 0.0
0.857143 0.0
0.875000 0.0
0.888889 0.0
1.000000 0.5180203588888731
1.111111 4.691830251999987
1.125000 4.576237659999989
1.142857 4.36279886999999
1.166667 4.350423517999986
1.200000 4.555342463999982
1.250000 10.517285432000016
1.285714 16.209046002000036
1.333333 10.31774051000002
1.400000 16.74790382800005
1.428571 53.1144669440001
1.500000 25.024983552666512
1.600000 53.34316596000006
1.666667 52.872212599999685
1.750000 52.734832338000075
2.000000 52.49190066760052
2.250000 97.70840568599945
2.333333 89.11072288599956
2.500000 75.90986725099987
2.666667 97.73128250199946
3.000000 67.83110870333385
3.333333 98.04887099799951
3.500000 97.73890155199945
4.000000 75.64662373899996
4.500000 98.04887099799951
5.000000 93.80906083100056
6.000000 97.70497186199945
7.000000 98.04132315599952
8.000000 98.04887099799951
9.000000 98.04887099799951
10.000000 98.04887099799951
