0.111111 0.0
0.125000 0.0
0.142857 0.0
0.166667 0.0
0.200000 0.0
0.222222 0.0
0.250000 0.0
0.285714 0.0
0.333333 0.0
0.375000 0.0
0.400000 0.0
,0.428571 0
0.444444 0.0
0.500000 0.0
0.555556 0.0
0.571429 0.0
0.600000 0.0
0.625000 0.0
0.666667 0.0
0.714286 0.0
0.750000 0.0
0.777778 0.0
0.800000 0.0
0.833333 0.0
0.857143 0.0
0.875000 0.0
0.888889 0.0
1.000000 0.9503219511111013
1.111111 10.486161432000015
1.125000 11.068029880000006
1.142857 10.133078072000016
1.166667 10.944129580000016
1.200000 10.606311632000006
1.250000 25.729155942000038
1.285714 40.81372066799996
1.333333 25.519752328000013
1.400000 39.608838051999975
1.428571 84.21488450000012
1.500000 44.151280705333356
1.600000 84.10398647200016
1.666667 67.89457105000011
1.750000 83.01136932800017
2.000000 65.12140823840035
2.250000 96.26030724400034
2.333333 95.65172706400033
2.500000 89.68862082400021
2.666667 96.26030724400034
3.000000 77.15337758400021
3.333333 96.27300565600034
3.500000 96.26030724400034
4.000000 89.64455559400025
4.500000 96.27300565600034
5.000000 95.92562941200028
6.000000 96.26030724400034
7.000000 96.27300565600034
8.000000 96.27300565600034
9.000000 96.27300565600034
10.000000 96.27300565600034
0.111111 0
0.125000 0
0.142857 0
0.166667 0
0.200000 0
0.222222 0
0.250000 0
0.285714 0
0.333333 0
0.375000 0
0.400000 0
,0.428571 0
0.444444 0
0.500000 0
0.555556 0
0.571429 0
0.600000 0
0.625000 0
0.666667 0
0.714286 0
0.750000 0
0.777778 0
0.800000 0
0.833333 0
0.857143 0
0.875000 0
0.888889 0
1.000000 0
1.111111 0
1.125000 0
1.142857 0
1.166667 0
1.200000 0
1.250000 0
1.285714 0
1.333333 0
1.400000 0
1.428571 0
1.500000 0
1.600000 0
1.666667 0
1.750000 0
2.000000 0
2.250000 0
2.333333 0
2.500000 0
2.666667 0
3.000000 0
3.333333 0
3.500000 0
4.000000 0
4.500000 0
5.000000 0
6.000000 0
7.000000 0
8.000000 0
9.000000 0
10.000000 0
