0.111111 0.0
0.125000 0.0
0.142857 0.0
0.166667 0.0
0.200000 0.0
0.222222 0.0
0.250000 0.0
0.285714 0.0
0.333333 0.0
0.375000 0.0
0.400000 0.0
,0.428571 0
0.444444 0.0
0.500000 0.0
0.555556 0.0
0.571429 0.0
0.600000 0.0
0.625000 0.0
0.666667 0.0
0.714286 0.0
0.750000 0.0
0.777778 0.0
0.800000 0.0
0.833333 0.0
0.857143 0.0
0.875000 0.0
0.888889 0.0
1.000000 1.077270867555569
1.111111 12.77221546
1.125000 13.086494347999997
1.142857 13.172215412000003
1.166667 12.616270728000002
1.200000 13.749994920000006
1.250000 27.878593652
1.285714 44.06336236400002
1.333333 28.215169003999996
1.400000 43.24097624799999
1.428571 84.67913630800001
1.500000 47.818652786666476
1.600000 84.54476185200002
1.666667 69.50356457599975
1.750000 84.44895881599999
2.000000 66.8409410864002
2.250000 96.21091135199987
2.333333 95.38546161999987
2.500000 90.95886237799964
2.666667 96.21091135199987
3.000000 78.24760932266668
3.333333 96.24054098399986
3.500000 96.19609653999987
4.000000 90.41748073599962
4.500000 96.24054098399986
5.000000 95.8367050099997
6.000000 96.21091135199987
7.000000 96.24054098399986
8.000000 96.24054098399986
9.000000 96.24054098399986
10.000000 96.24054098399986
