0.111111 0.0
0.125000 0.0
0.142857 0.0
0.166667 0.0
0.200000 0.0
0.222222 0.0
0.250000 0.0
0.285714 0.0
0.333333 0.0
0.375000 0.0
0.400000 0.0
,0.428571 0
0.444444 0.0
0.500000 0.0
0.555556 0.0
0.571429 0.0
0.600000 0.0
0.625000 0.0
0.666667 0.0
0.714286 0.0
0.750000 0.0
0.777778 0.0
0.800000 0.0
0.833333 0.0
0.857143 0.0
0.875000 0.0
0.888889 0.0
1.000000 0.5384587426666781
1.111111 4.427567186000001
1.125000 4.471091586000009
1.142857 4.668573444000009
1.166667 4.342725156000005
1.200000 4.462804190000007
1.250000 9.284688008000028
1.285714 13.851620299999983
1.333333 9.499347053000035
1.400000 13.694150057999982
1.428571 36.97154283199999
1.500000 18.958711896666657
1.600000 36.934270586000025
1.666667 43.666220358999986
1.750000 37.20306918600002
2.000000 44.83824950639918
2.250000 93.9420037260004
2.333333 74.2265630500001
2.500000 67.1765236980002
2.666667 93.49847971400037
3.000000 61.22703305066614
3.333333 97.99807916800073
3.500000 93.97085476600033
4.000000 67.17564508700023
4.500000 98.00396152400072
5.000000 85.57093033599915
6.000000 93.86837773000033
7.000000 97.59566997800067
8.000000 98.00396152400072
9.000000 98.01964779600073
10.000000 98.01964779600073
