0.111111 0.0
0.125000 0.0
0.142857 0.0
0.166667 0.0
0.200000 0.0
0.222222 0.0
0.250000 0.0
0.285714 0.0
0.333333 0.0
0.375000 0.0
0.400000 0.0
0.428571 0.0
0.444444 0.0
0.500000 0.0
0.555556 0.0
0.571429 0.0
0.600000 0.0
0.625000 0.0
0.666667 0.0
0.714286 0.0
0.750000 0.0
0.777778 0.0
0.800000 0.0
0.833333 0.0
0.857143 0.0
0.875000 0.0
0.888889 0.0
1.000000 1.0282593208889008
1.111111 8.07893435199999
1.125000 8.251632191999997
1.142857 8.149495851999989
1.166667 8.233361463999993
1.200000 8.272660375999992
1.250000 15.310710694000008
1.285714 22.785781280000005
1.333333 15.465238137999993
1.400000 22.994266992000032
1.428571 49.14161810000001
1.500000 26.49432229733324
1.600000 48.20890593999999
1.666667 52.70856475599976
1.750000 47.884243488
2.000000 50.93171854080027
2.250000 93.26883807999961
2.333333 82.46049686399992
2.500000 71.83956153199972
2.666667 92.89253883199963
3.000000 66.9172140240001
3.333333 96.18641485199954
3.500000 93.36458214799961
4.000000 71.64607341799969
4.500000 96.18641485199954
5.000000 89.58868594199988
6.000000 93.2735011839996
7.000000 96.02873290399955
8.000000 96.18641485199954
9.000000 96.18641485199954
10.000000 96.18641485199954
